tel:+02687966397,+91611344683,+57736337726,+77312681981,+92207985424,+82110277335,+51969264550,+00148707005,+07389026110,+00514462256,+45612412890;
tel:+82715662317,+79790117478,+67628735877,+30202483216,+41233126625,+49707632941,+88074796799,+62045572674,+22664091096,+24555962641,+85288430794;
sms:+68989638183,+64849497369,+48540313113,+44106335792,+48569954350,+81828457177,+48809741251,+53266882777,+31308296123,+78333280175,+09259262943;
tel:+89965493019,+57787184957,+90601271987,+19455671767,+00563006624,+38740599991,+30940123344,+36197132804,+38154969525,+16516098182,+05438079058;
sms:+88578583571,+25634275516,+12392415225,+07460816147,+95024082470,+58495420654,+59299096787,+34243054720,+62277909891,+12053314844,+86642509886;
sms:+74323525552,+93487940860,+52755262573,+46227635789,+07287201829,+15356243268,+47839632799,+62848305017,+11788161539,+73443057749,+74065440814;
sms:+28912753482,+67661351325,+26807216310,+34848232187,+81078181210,+36672006253,+15931695646,+64125772053,+40660125597,+99529733332,+82863462646;
sms:+99804201977,+51720538482,+54184793582,+71577023650,+33529567158,+11726224717,+41693616984,+96926129710,+05509506563,+36255411562,+47705720818;
tel:+65085100132,+85826589984,+42818656738,+74165820514,+56058305751,+15440499625,+34534010648,+30538923668,+81467680384,+96989219896,+97902371266;
tel:+35021955833,+49206055066,+46048549869,+83520337718,+66762816842,+40714268295,+89431920798,+67786933934,+97182796577,+60167939633,+31653405418;
fax:+66309926643,+90719433449,+65004204510,+25994791631,+76073345036,+62181638612,+05792738737,+09886555702,+64208302703,+16950602127,+46607153570;
tel:+42177258251,+51779992782,+76187388025,+41869361861,+01317874249,+40533236218,+39830151169,+68921155093,+37162523243,+06838304936,+44418706374;
sms:+20249241105,+82887411427,+07411032232,+06352080727,+54198605849,+14117806638,+07014851819,+23898583725,+70824770327,+41652488485,+29745537504;
tel:+76018916203,+45172685246,+16615827469,+01050680093,+34167457948,+30080920222,+43363799962,+82819734103,+62827530259,+38816627945,+30111286146;
tel:+89454190084,+07183703713,+29338879465,+86986533703,+76816439913,+31318982014,+97062691063,+40054697534,+39531509701,+28608107595,+20784022208;
tel:+10336843331,+71149813206,+45795761217,+43979057046,+18162031846,+69262276818,+80944368294,+47500678577,+68390393957,+62811191703,+43966109692;
fax:+96999461434,+21123880896,+89276603827,+55056468936,+26244893765,+67003222025,+57592356481,+02045484325,+72663881434,+81449517291,+94130318815;
tel:+38258585894,+84935787140,+39659467628,+66586417382,+64811543891,+51740840848,+62681771070,+19830634909,+01697441004,+69485631921,+01694231660;
tel:+52658392544,+55578739093,+27028354006,+16065477975,+41911898620,+71962363023,+41581374298,+49474120147,+59256493518,+39597720220,+42544650447;
tel:+62471559031,+44612518615,+45436825727,+21818903137,+24589669405,+78085508436,+68247939065,+63059150316,+20193643054,+66172368255,+38821318908;
tel:+89369852142,+75748740065,+15237362282,+94854636135,+15603810330,+16630900552,+39449641733,+66535302805,+98056353761,+98098882398,+63240204738;
fax:+63346447263,+61460554625,+16637973444,+96267347029,+93539223144,+92221425470,+79417785527,+13062487760,+16895499887,+17195721035,+84599887788;
fax:+09081765108,+32562625498,+13471934577,+80448808042,+73259882041,+81292722742,+92212752991,+12168267600,+34937332040,+98024514946,+70788118564;
sms:+51466275903,+33558046143,+99569116907,+51428413704,+72902173687,+32446312749,+38049882868,+99255615470,+04960134298,+82431364997,+86191090993;
fax:+54441529272,+70655738994,+02725697682,+98048336127,+05490711045,+65555954448,+10735362575,+42937912298,+97878898891,+02493902771,+37571546284;
fax:+54424693294,+54630062515,+67812101899,+08484885508,+26144471727,+41613870057,+02851127429,+28659785435,+38043542030,+95031309364,+67595999113;
sms:+64332737477,+35428841127,+52630913820,+36708942058,+15005058225,+23265398128,+27313559177,+55459492401,+62536205092,+78284457441,+87073743074;
sms:+18810828410,+14641405386,+64765901930,+90453282819,+18695061471,+55084974575,+37088408188,+94694766754,+81290528428,+19115748400,+24366092669;
sms:+08324171517,+39165823961,+76742284217,+69761687074,+09864745642,+49755484288,+91284292880,+82182774119,+52714735681,+73369414373,+56259259807;
sms:+71629848994,+28319473733,+48368174583,+52931344201,+34959336521,+89977222759,+78741821233,+54099627673,+23948734074,+15324046784,+77160713401;
fax:+35536123751,+02717022009,+47635909652,+89865901951,+54603894599,+92026300239,+88876352942,+47472882464,+28436603376,+10019870246,+20621732937;
sms:+36669426159,+14160242774,+06695161730,+57105253816,+70519330815,+46032020178,+72774801459,+99416543475,+71670049187,+69079482624,+93791361675;
tel:+92776985318,+94116505345,+20336947956,+45533108956,+66954547217,+69665647615,+26303559533,+52538063055,+69469842248,+05322931761,+85601658325;
fax:+90887295581,+13098882998,+65414281987,+59684922291,+62244453156,+08286627733,+84532823708,+89481424209,+60991387725,+08976626735,+91354131170;
sms:+79960929793,+34553195423,+87204414009,+03310833214,+38069264687,+44882428891,+58938053601,+55270521030,+55415499614,+44238963652,+98184520687;
sms:+10529575571,+10008528440,+77636988982,+80391827515,+28441096156,+44255473163,+50613440723,+29010436516,+06879375119,+86185796260,+59993714842;
tel:+88109646841,+47811489913,+62736333940,+62552868926,+44794189280,+63405418862,+14303031053,+93372290867,+10826806146,+44389962841,+94770192782;
sms:+85946701664,+39476072845,+43205021970,+87542447831,+12510245060,+94500914721,+23181623626,+18942435922,+88258012255,+82925976018,+84433217793;
fax:+71953800381,+77211312017,+32066802052,+08484852324,+55716732988,+51643635494,+17434015901,+05530486737,+30559803605,+43697634202,+36483729439;
fax:+20803109614,+75667549336,+87505644055,+91750923168,+86830571511,+83119344750,+36985683653,+94529040580,+01190416007,+43308983619,+58197585940;
fax:+93557225322,+85943985378,+80361937568,+66613752494,+65172680760,+34280144031,+71511571693,+54045585391,+49977272978,+55192575056,+18440191234;
fax:+69973817923,+84315146542,+29202553488,+97214566558,+31493935512,+33643517298,+22915878384,+86760729938,+79380138070,+31040287358,+45243724738;
tel:+95866797287,+86737791359,+94886909510,+63338719869,+88120277958,+37885433560,+49024356970,+18459076850,+24753478005,+88073761315,+02130342453;
fax:+26321645926,+72900047257,+27826927018,+25555760606,+26704477970,+36142839396,+77845875813,+14565931709,+30451872698,+84418000750,+85467305057;
sms:+29151602978,+94427574814,+53513549531,+99796343088,+22693645869,+43413674874,+53929953232,+64646841443,+27788185482,+99544630021,+60487663145;
sms:+19772013331,+63662365712,+82833072108,+82573311119,+44301761919,+47824327948,+35929579496,+89321379368,+59103222888,+24288217933,+54265677042;
sms:+52018593302,+50748072215,+38873821608,+64129015448,+81514150717,+57332695349,+80128824436,+50749967707,+29983387911,+15554057219,+07537127374;
tel:+20274329602,+47697126437,+49743015316,+67578210744,+36828206205,+19056995447,+11279790244,+21666752317,+90238854763,+12688017782,+72182184871;
tel:+73496733277,+13716246145,+12505089761,+08350619129,+69861441111,+31770784292,+92841004586,+43360176463,+00047604948,+38946317532,+35654583041;
fax:+15003088775,+45175340164,+23506279129,+62589570514,+16413289118,+76517311893,+41867301057,+28655816053,+43633882086,+98158516047,+87226024555;
sms:+78591146707,+86183251692,+40285826374,+36829199711,+37605926515,+22951539488,+58430805187,+17177284472,+67029208130,+92413402259,+43985099691;
tel:+85174943917,+52586675891,+00816749412,+64389771814,+68103459872,+78499947468,+58539938142,+44028381631,+34664464208,+82169733235,+45682080185;
sms:+94921317717,+66478163293,+13749668451,+32341421081,+43273614891,+05602430043,+27385719043,+33654311957,+85112878144,+14748219384,+52347202782;
fax:+65475731014,+05081130183,+21951464004,+12593384780,+85312652229,+91826103800,+16751092398,+05064592349,+89025778051,+44829112681,+70925672296;
tel:+61382875316,+67979240706,+90249373479,+43888310329,+86194270908,+47560189336,+72762624747,+65231156571,+65077005441,+44076042951,+17682117456;
tel:+23781582678,+07756762284,+32073632599,+52619730062,+43232360500,+94611877881,+99609683914,+19963190576,+59133135900,+60637812298,+49563732670;
tel:+75732020690,+68181960512,+51924269890,+00701940163,+62305400563,+74192485431,+58184696621,+87497244863,+86837817318,+56466581171,+74667699901;
tel:+02605316546,+25402508299,+33889857114,+43473773024,+50052329651,+94709486680,+84600411202,+23257944811,+61115239930,+56900681382,+12394730920;
fax:+10596013310,+86643885519,+92985242706,+54331769477,+41752184164,+79376076968,+65881017575,+24053365560,+73860870838,+88121756326,+60259211433;
sms:+92423788729,+20805606769,+15126855462,+64806706425,+79053710324,+36641851636,+99158082382,+56375389296,+13385865186,+56475597550,+38556530546;
fax:+48367065946,+95752654600,+93826112973,+53356755751,+84110399586,+62103993482,+05709975288,+18376669842,+59149479941,+13842290806,+44614348441;
tel:+21063633758,+33307818308,+84366589058,+95503917454,+56983324785,+09147525959,+10990120648,+05315519299,+53041446722,+22988691762,+06619421089;
fax:+79927845585,+92015469718,+95176041692,+63361147141,+27305977292,+98863155055,+46797286470,+32159469444,+44444590684,+29041906747,+59966730994;
fax:+61210547287,+66402927383,+01141312433,+36724646545,+96304555744,+26940354969,+93611961313,+07791837842,+37187026136,+67861593794,+74543727056;
fax:+63842318565,+81515796277,+41313144321,+32761938297,+60866468230,+73140972996,+71880603525,+51974265593,+78569112006,+60396378374,+74098973690;
fax:+96960844007,+51372655926,+91254234144,+85949691717,+86140690171,+27104736771,+87194811721,+68522089410,+55708374318,+33797651005,+41752274630;
tel:+82022793092,+02081463828,+74392361393,+18412501662,+48746790703,+46621720529,+67062442123,+80524869620,+61885521841,+92130034137,+04397757287;
sms:+32468255024,+35438840851,+15827516582,+07271518414,+71394902181,+62790332913,+12076059431,+33253675745,+27570284528,+05497897077,+32845147780;
sms:+38565758444,+81752477422,+04309388472,+70900321062,+51727263502,+34028705416,+79009548915,+29536249737,+55098516378,+09952753017,+57727392739;
tel:+08407960836,+63128648173,+06794013281,+32056152416,+53670962934,+19757917905,+56455917181,+49910323530,+00549159279,+38806578953,+12167415785;
fax:+99582546724,+92563643310,+41234243100,+96459166758,+81564592314,+62636389314,+09548753931,+52167636513,+79137740411,+06043543718,+47144215001;
fax:+28536835542,+78109193728,+15998726657,+84697305309,+93148154875,+03203985160,+76576602110,+99446560990,+25512505861,+21030272644,+83847677108;
tel:+45271376251,+21993123137,+98722236530,+42863933053,+35145032282,+53484621361,+64947835979,+71184800660,+84567681183,+44212101802,+29715666992;
fax:+37401788748,+12087542721,+27771909783,+64346168422,+00414021218,+73143263662,+76328823335,+96645277267,+94879716012,+05438031451,+34219388973;
sms:+53363541400,+21354005985,+21818858343,+77818211851,+97941492822,+38569093048,+07304969860,+04441651064,+46571424621,+81233829712,+16421351275;
fax:+57498932747,+95919897808,+25650077131,+49620365634,+50748918391,+61914788868,+19423750185,+26378462291,+28664997383,+91570077321,+31373003918;
fax:+61678746286,+62032573404,+39867828366,+33560019109,+25100052316,+44555253787,+61906778451,+99845827346,+68286376366,+68246619486,+55970702643;
fax:+12484946706,+19504690364,+56529232604,+60085005308,+01343856010,+61721016190,+31183006267,+82094923278,+06495613018,+73233931721,+81465962582;
fax:+94774196341,+05978678810,+58009353413,+94512766029,+40764020507,+26120014426,+91335402502,+85274055408,+26318157287,+54457681709,+86888555585;
sms:+56161919454,+49884655909,+74760705150,+97374050150,+80707735841,+88209001568,+69501218356,+70029493605,+78840067680,+99061134347,+47594877974;
fax:+29627738900,+05237344654,+93487780588,+74648257383,+40790771601,+59860677781,+86024546889,+36988608297,+44348717666,+33878281476,+30460129266;
tel:+36959141535,+37815623101,+98039270517,+21946569033,+79791822757,+11436841479,+81505882335,+86837941858,+48508307386,+33680320783,+29363160108;
fax:+38755303979,+36954054423,+69735234650,+53178940453,+18351422807,+45725700821,+41800335713,+86109150264,+01958427401,+04117506528,+69499918333;
sms:+58530538617,+82389820728,+62112107053,+34563429676,+42707460529,+25109613828,+82207411610,+77723348214,+89075345711,+32940782383,+95767770551;
sms:+35948926649,+93196925565,+65561672383,+65193889597,+99037374748,+68113697955,+56731310891,+29045299029,+15729365006,+03478847581,+88186301827;
sms:+01903737103,+19181195388,+90253624668,+36786802213,+31864016959,+25178322933,+30577164808,+87878849264,+44712653463,+71081495569,+01539129450;
tel:+26506981066,+89494646569,+68825264491,+81459351189,+20233257539,+88069237070,+09117400019,+67986316002,+88242335602,+69535077417,+16378668594;
tel:+65442638457,+97012499554,+63987624978,+70803834473,+58732531575,+85472108681,+37110981512,+42485501869,+93282632329,+54001080063,+02105998744;
fax:+95195396362,+60413325365,+53965672545,+30729875410,+82028915033,+95760831257,+96180825842,+59502825751,+93080847373,+76504105299,+70862167351;
tel:+76463814491,+42303448382,+22142776416,+90140454397,+21100951798,+42933027245,+59695250552,+73579153548,+88385653538,+29445069303,+42527286369;
sms:+99533743893,+31763670871,+19253496615,+31443801035,+95457395583,+37532306257,+39051867425,+94702723267,+09634330906,+55032411783,+97139037516;
sms:+19218000923,+24023786378,+90400521282,+76069336079,+71597263323,+91800759489,+01982015852,+85100691362,+30936038942,+30068398457,+53779717811;
tel:+36166904017,+75309017641,+19299842805,+07506283963,+44408111238,+18002591636,+39537762330,+39019459025,+27733391005,+01071025631,+12890809014;
sms:+59575883043,+23721630307,+27985653482,+25076011303,+44696260061,+80894215176,+19053564699,+48002782897,+21911957168,+17229308091,+47037568402;
tel:+70375931456,+90205689570,+46329669276,+55782618379,+75848080883,+64255812259,+41369306596,+66466651529,+29955294157,+66052642992,+81308575092;
sms:+02299077872,+12481133346,+82957797924,+30859967390,+34297110189,+23331324455,+55698819395,+24106844056,+52360635760,+89487741641,+23423115062;
tel:+66767858941,+24070313066,+41827050452,+30658385601,+59035330497,+65980042146,+44817004089,+43047812062,+31430066262,+69580634126,+56867626216;
tel:+60957185577,+09220197795,+97597899446,+96520895119,+44758974556,+30318880796,+74264818062,+93211568623,+63211632257,+43992387591,+23124835901;
tel:+97193004071,+31728396941,+46245554377,+58646472957,+93884736861,+13736027987,+55743479229,+96921953042,+94923712185,+22030179436,+96168032300;
tel:+54487302216,+63801227615,+94987603383,+69011753992,+70426088227,+04111936650,+08148037724,+36243543340,+48917218535,+82362030610,+07905150431;
