fax:+01504763181,+48818683697,+65980087615,+77443986046,+60944939759,+87182847804,+75113990221,+10595767378,+03755019716,+89727832279,+38096369473;
fax:+96702626256,+98965363333,+49590387604,+87666471058,+90847356971,+16772737019,+03379174706,+74406509573,+47206241529,+65226085696,+49612411912;
fax:+31545670573,+22617457351,+95695804715,+67862515385,+36551228104,+14453154470,+54144165780,+25703560757,+97276380875,+89085340208,+43074317296;
fax:+83912790116,+90471399089,+20165688545,+77235972436,+58481530935,+23039337350,+62540977773,+34929907623,+70902007304,+65149857718,+45290352820;
fax:+42749596180,+42651337383,+40153389517,+14189973196,+52598097072,+20407901657,+63006085833,+45307737414,+39590042448,+24219040743,+06042982123;
sms:+79577574427,+48839948176,+20123514912,+23234219341,+20310860261,+31524455951,+44195944430,+63600174471,+15452741585,+06969225927,+38590734914;
fax:+07009633395,+64198521906,+87940146150,+59652330161,+96592105149,+36571376330,+76424185893,+33365780080,+72592248251,+30341821690,+12923943088;
tel:+04209549293,+27455719943,+07596076522,+99910270984,+43638122952,+91216453308,+15319466828,+87322646407,+91397457089,+90978466347,+29799982808;
fax:+30241287277,+68225233781,+14581786848,+63682139041,+10136358742,+58343639595,+35731070635,+20312898077,+30549360132,+06153427462,+15690306007;
tel:+46897347061,+18151900559,+50467796194,+64794425103,+15539491867,+94753532171,+23733245224,+60282447931,+01015025136,+25786225141,+10099096804;
tel:+66592363182,+24302999707,+30841082935,+40223911263,+10005292660,+45833981640,+23386701888,+33313419713,+81933522312,+34873469172,+27261153036;
tel:+77138240359,+24643096742,+87741777808,+18772602313,+74613846968,+43022236296,+77866075214,+17727054301,+66373005278,+24030517351,+38851616139;
tel:+50145350281,+84856025204,+25783698319,+47313984102,+68869394132,+47540271356,+68850665186,+48873921526,+49407533060,+54360834814,+69616560958;
fax:+37152332983,+15765984924,+32624928120,+84708679860,+27981220681,+60615903917,+38904951977,+41106238888,+21639949753,+52716070582,+90758064409;
fax:+58239937959,+86835653150,+11017301829,+97112672241,+50044014749,+14745160506,+46629306340,+53985836489,+83538256829,+67150401567,+46491115753;
sms:+41313521303,+16506987222,+10102687122,+86824242369,+05064232238,+51449298611,+97782205920,+84709754555,+77758446604,+40847717023,+55452417330;
tel:+90066978606,+59462746562,+79091756039,+94939217002,+60431387737,+51493108530,+74710403438,+01987181061,+78250524333,+61575932164,+00120962645;
tel:+97647157529,+31427640562,+96911129850,+98672208533,+11693518658,+65925993424,+79199984168,+54621282207,+05664708688,+20177344551,+50602057965;
sms:+08408330404,+92800775121,+16413309349,+21822364717,+03464550416,+82048185549,+95479307506,+68493811231,+07862532302,+52708035683,+50716197233;
tel:+53719399073,+69081127559,+29956292545,+11308524156,+12276210998,+22211507416,+89733344655,+31278880701,+17205808376,+83834152067,+40380158998;
sms:+70299367796,+99165556849,+75655770603,+15988610923,+68254821603,+16519821316,+25421637590,+03533980140,+57697928920,+00907129059,+46032022890;
tel:+01626233146,+63281648213,+92217505280,+61373594419,+08932022174,+06546621584,+45915617004,+72964558238,+77882163620,+07830840083,+87051784654;
fax:+50866115735,+97502255815,+13458624250,+84962179067,+15998750180,+64223324893,+37610562826,+31160824270,+94300210760,+05837355764,+64439170530;
sms:+01597663735,+47547374628,+53969397889,+13041255541,+43350600274,+05447928253,+50835509739,+78437991388,+33444537859,+43762900391,+37497141165;
tel:+34668194549,+59348505614,+58467679341,+22082052860,+97189687657,+07016574728,+52313329428,+67765481784,+66246394572,+78918287150,+43774564541;
tel:+89946845933,+25324536480,+06101640840,+02212109786,+40148996862,+76930740494,+93174029452,+07883314241,+26488740678,+94493224310,+21181405720;
tel:+76547607670,+13337452655,+82351453939,+69919280858,+48594268822,+09909816629,+25710438767,+08586447831,+80178482124,+97191338114,+46234002142;
sms:+20622624960,+02141159254,+55839342694,+76654098066,+23382684391,+39999360461,+33493004392,+20578125433,+29948463944,+95612153716,+23016538344;
sms:+64946289899,+07112595427,+83622930097,+60796869305,+73586383190,+01191567049,+55594439879,+60248763829,+92804668556,+74544612716,+31143722510;
tel:+15330502835,+01854437368,+36372393215,+98118183258,+02149335697,+19664739278,+06761424839,+64670597165,+94205096988,+51254302102,+26460565043;
sms:+20358108565,+00946354656,+07525838394,+93903858512,+83598691844,+46853402627,+84524720757,+48230209568,+20440352492,+31234200362,+69030491328;
sms:+91199822824,+36387083448,+29894617736,+42907179823,+35538168221,+45858752490,+02966762324,+83435351549,+78729112811,+70710970119,+86202147916;
sms:+45621871108,+44622797137,+10012960185,+46873762462,+78293039457,+76977398098,+49886779951,+57004295696,+66104628125,+44015009789,+21703102409;
sms:+81726797371,+95722466024,+64370166584,+41494159050,+63651879060,+80834086090,+50996190795,+16872634667,+88677695561,+05114709591,+38372033137;
fax:+64100421916,+75319301352,+28847482628,+41338147442,+95508191266,+00926988401,+53407972956,+01474533297,+01826137182,+21800885833,+65332080247;
fax:+20659574550,+29752431433,+26589650733,+92239430005,+60986835508,+61502117845,+32222853076,+47486355020,+09008793968,+14266301865,+74269385685;
fax:+62305183148,+34103104252,+53100953184,+94313114123,+55894015186,+13213049377,+79255728017,+33157096601,+28722190018,+16048805333,+86911714066;
fax:+61698802772,+82249556537,+74178275393,+80646338275,+77953677551,+75544905174,+46852620913,+97251637298,+12962880474,+77709489881,+05870297565;
sms:+02698226687,+32396476623,+38294814694,+20614949307,+16562780654,+61790147592,+77923896627,+99915251856,+10739849328,+27441077321,+05863095591;
fax:+77535112540,+65832390322,+43635552486,+83542753671,+40715787977,+22807136285,+88186922983,+22761874773,+65522359039,+92236461577,+68126821297;
tel:+24735748639,+80260622257,+34418136462,+98575540185,+78834908351,+18919905480,+05292030761,+20246509805,+22231690694,+02684145724,+49482552509;
tel:+01528946606,+85781562735,+21725900420,+45634743132,+08944755334,+60221162729,+50483623810,+20960644948,+28881134384,+44427941707,+14147669550;
fax:+04079067349,+27976864393,+92476245271,+11121606468,+41625532444,+75069846419,+07359770779,+92755749733,+54846645928,+96822615573,+72702554132;
tel:+26980143575,+72008114548,+97182532283,+80328749088,+32266213291,+83690269676,+51078712707,+14742755663,+18327667964,+84487352466,+64457485523;
fax:+24917297612,+87419842194,+16499941470,+04838703712,+58720887487,+50716369541,+73634012613,+41356731140,+28357942763,+15749356936,+04035536597;
fax:+25569705029,+96190761715,+09715547678,+00797987186,+08219061909,+61547190078,+80838407911,+46112533298,+44801829243,+50307952494,+63505321370;
sms:+73650173165,+03056973393,+46310267668,+90168545254,+87924929660,+79563936025,+10491999696,+38131594210,+87259570956,+49656344277,+92359956042;
fax:+73677885567,+57881446701,+08518817212,+97072677161,+70239130297,+08604580584,+01450130268,+72682302062,+43978349145,+09887131931,+58297841838;
sms:+92769805683,+49487435241,+25965761276,+41307662798,+70708297216,+04636427161,+77227351466,+53686243294,+08256619103,+02064643785,+51710246336;
tel:+21983415975,+70326814243,+32804825964,+23321013018,+16879065712,+88651328773,+58760492792,+66303255255,+65954389174,+50297926019,+20061327882;
sms:+73092083192,+31833534296,+51797905620,+69123516546,+94145316693,+21769222653,+35834707231,+16344073891,+11683240151,+77878256194,+12012727355;
tel:+24977440792,+85324401986,+82961005078,+66001357303,+83418039641,+33826343096,+46067758706,+72479623175,+06606045852,+48173180167,+34776428321;
tel:+03249799217,+48309108852,+80261392569,+68148361809,+24577578057,+89166111590,+12283160447,+59305275990,+16603683489,+27239204444,+50278047136;
fax:+64746956384,+48358658401,+28649268746,+53312372694,+82124180727,+49520471377,+38159612610,+80786453041,+96200697338,+26791772458,+18215284922;
sms:+74791213328,+15819607926,+31567659496,+20201135871,+60787374822,+50463696903,+01263779841,+19461859972,+75098929444,+27999554409,+46237106549;
fax:+49927238069,+21006022014,+04804553602,+88196410191,+80369898234,+64382904115,+05926962056,+73207161182,+83981781176,+98923608793,+23352741699;
fax:+41087262534,+91684147940,+49330784408,+31109636252,+95369329798,+84500753557,+28715413287,+65395670383,+32524418302,+31742295259,+70296678324;
tel:+78237947656,+64290722125,+16645574627,+05935280776,+64619510178,+33621693007,+55237360710,+78517969997,+98163686372,+89446977253,+76156506061;
sms:+60736211876,+45814978594,+95672943413,+25681790602,+40750459572,+18595285987,+42503576587,+78512722628,+98201358726,+47443179979,+04076984226;
fax:+50048968078,+66461455551,+23032226258,+60385589098,+87148602572,+01297013950,+37254901543,+10125956643,+68002454560,+13498918381,+17851593809;
sms:+41902085724,+44306952337,+00634772919,+06435097029,+63019747441,+07680228929,+45579570185,+24607552213,+04716597469,+72146312883,+40970037266;
sms:+34221408063,+72708026683,+21648980373,+79598946933,+80646853510,+14863764356,+68682177081,+06885469286,+47521669667,+62218743287,+56360945650;
fax:+90931040167,+71043183343,+70811347913,+46924618734,+52407170918,+03373154349,+52808206151,+61786335505,+43368647011,+49637167921,+02058533656;
fax:+15939361301,+80782288485,+51113631558,+54510885445,+22289320311,+65921279809,+37893321475,+81049690139,+62473763151,+16821252583,+38496417144;
fax:+59406118040,+57508392814,+11459844252,+75962915356,+90950894749,+08045119419,+56664924559,+60906167438,+79540017893,+21164045709,+96514853946;
fax:+35920577231,+79732129930,+47046447042,+91024175826,+32393698103,+34068381408,+53795362858,+16667655493,+72598815964,+20487309931,+67735680807;
sms:+39585844665,+29707087067,+65768886962,+03233770339,+62068857876,+96876025356,+96598558700,+90365075190,+26644880101,+25638123561,+87245305939;
sms:+64635242586,+59808002047,+87274429536,+82125840088,+07175375302,+38466212091,+78730759277,+45818582984,+29955030939,+98864375725,+37045822567;
tel:+26375929805,+87398496142,+42778833532,+39628808544,+41116671879,+16704879100,+02595732837,+11315083268,+28158629563,+29006376229,+24324696170;
sms:+31104894648,+29634983660,+40130389548,+38091365728,+00981521270,+32209465270,+42516707317,+38157154171,+05760603034,+77174931262,+47911016528;
fax:+08067177779,+74562812742,+90184113574,+64789323209,+03119606945,+64568218152,+39982223243,+65526287180,+23544325910,+30250460042,+90944288606;
fax:+61068684215,+07097771817,+29150839234,+05769936480,+97453506167,+78984433202,+57708581362,+12108548521,+23455676650,+63383829614,+92129706014;
tel:+65913638604,+43301869134,+21617347955,+22875447394,+06874332727,+78070247761,+24015304103,+71641179671,+73604286778,+21214421632,+27923066929;
sms:+73463659463,+91390939799,+79960854259,+38780088671,+96850809196,+41704673595,+66222138037,+42164958288,+37697223600,+06319754023,+78768101414;
tel:+72270766913,+62095436955,+60904041845,+78695002931,+94535815394,+43250584696,+69436329198,+92571051265,+58835505974,+15072920257,+16525513209;
fax:+98125113029,+14177965699,+07546850064,+98414702944,+26383166984,+48479233460,+45075738645,+25531174244,+63176271644,+35934901966,+59013624792;
fax:+19983856185,+50614331833,+19096718006,+07489077722,+89011883699,+46984682302,+59715809568,+92113823936,+45220002299,+27738865921,+56698489597;
sms:+72390346329,+11908570826,+92489078421,+67286966116,+74997644157,+76178041705,+98833967407,+61085306557,+89317040919,+74546230395,+29262476889;
tel:+08868446970,+96762558524,+95161201888,+85639921035,+21045201426,+36647672162,+50031944890,+68249889549,+92024681031,+38455642972,+56131145125;
fax:+69493817027,+28120180966,+74548826094,+21465888661,+63275401982,+70043852922,+96111241356,+81683213730,+90718830890,+78725184931,+11342638937;
tel:+96237063722,+21218669194,+42437541508,+52901905189,+37865234835,+26568059352,+50872970420,+20145261986,+62390531875,+77994169817,+31825966264;
sms:+90239525814,+85853664052,+56768399543,+39871708276,+59247241404,+13350709143,+23458512653,+36956845364,+33995989910,+73737422947,+79158344131;
sms:+47270836128,+51807306686,+07453573953,+96171631912,+00843768336,+53566226720,+28598531032,+07762836667,+21293595665,+75860467842,+87837141117;
fax:+06857541658,+10197655298,+10672594495,+45864679357,+26808817605,+55797019447,+17959422793,+45158786395,+30616541756,+43205497009,+07088769957;
tel:+18569744575,+00778607199,+48721581002,+81783347254,+47226949678,+51372091883,+80744171233,+53548647457,+61857291171,+25353760353,+61575294970;
fax:+38017248341,+50194078616,+39446437361,+74576201738,+14139097301,+69505245196,+51343835538,+47826510809,+63060253509,+31315530888,+36537746246;
fax:+74574599941,+02333345593,+13164186815,+13365177763,+28964997832,+93864717104,+32240492669,+26630478485,+96565777956,+74846749505,+40466837124;
tel:+92141028914,+96062964775,+90242628223,+74233528507,+49785495073,+43079960144,+25997132756,+51794095409,+94130641484,+82210110508,+71111450281;
fax:+50902979691,+74849418849,+40354073295,+83001652486,+32595899020,+82426560891,+59870844404,+53291651436,+89880759357,+55868566215,+38006019894;
sms:+33121640681,+81243431756,+16353572676,+84241033012,+82795695096,+30329903598,+34078963260,+16694735841,+04029704197,+76222865123,+47491714246;
sms:+84250387259,+27267808284,+48780186713,+53815781954,+09166332724,+91223280703,+23726806952,+99342535808,+39877033080,+24534257359,+96323216378;
fax:+12187376131,+23866945934,+47786047321,+25084773958,+33816446764,+19945196511,+78735289178,+85471303665,+91043814812,+78548735324,+96978218984;
sms:+62650410044,+96997682608,+74801791062,+30055547237,+60470593618,+99121284069,+37382039556,+89152455816,+85112985630,+98746909885,+72329002170;
tel:+96832025712,+94314868600,+45419468710,+67123767233,+45487157397,+14484324124,+30627563694,+07722682904,+64874782837,+74042537213,+70324844944;
sms:+87552467821,+96618628216,+83215265145,+71660401302,+06621467390,+77002867047,+28413964817,+05081791182,+09419125279,+40041238162,+30773759724;
sms:+00477091826,+07838441638,+98282208161,+07885229601,+63507208655,+73894757090,+70568959082,+48581343487,+34233628292,+43801123677,+85446142666;
fax:+40769786801,+86977010145,+68958230002,+55190751945,+67046520713,+65557148780,+45050125963,+37067138599,+21437488938,+20583580436,+20079675143;
tel:+50991474551,+96316397485,+22214407276,+04706984648,+27597206526,+97588529376,+08056027004,+41602653632,+83011850439,+41785679421,+69031831096;
sms:+89999859077,+50250762666,+59932724769,+65058400085,+46091913941,+56027991959,+86905101555,+26705442898,+25989016529,+53384793209,+27485844453;
tel:+59819247609,+92550756168,+33263649487,+25396080252,+18987245980,+97908542308,+15433755934,+42973235701,+58629176005,+15625004734,+76318764398;
