fvx:+37578097433,+38318395524;
}s:+86270549822,+20681638153,+90570626104,+53189736616,+83956735231;
3s:+25027893176,+61203021116,+79870580626,+57976370448,+11699910358,+68403547621;
%s:+67909235946,+72668372758;
te<:+25646360904,+79323481238,+63468568237;
>s:+98424166552,+99205938239,+12866958907,+82405019166,+21007758927,+80228950617;
\~X -:+74830807796,+50311461079;
f8x:+97724971018,+68337980417,+07361079516,+11610485288,+96723632939,+50995001020;
Ps:+76431420311,+65555962729,+29055870967,+26660569782;
hs:+33658749794,+63268274438,+67366266320;
U	y{-:+28410589965,+76389110717;
f;x:+84165809642,+69715736289,+35227038372,+48357241669,+86026838880,+63485648125;
eJ0d&8T:+97951718133,+51044178910,+21284815450,+04546093076,+83827596105;
f>x:+07676435722,+72943669744;
teF:+49350316762,+17231095570,+47785355304,+60059306640,+10450427886;
te):+83860143408,+72106874203,+28437430138;
Ns:+24745939241,+50934258146,+26768732961;
4s:+83127965908,+00458963109;
te.:+20795363079,+80957717402,+31866785918;
`@NMf:+16140392018,+95432375922,+43879789667;
7[~+<|'m:+72644344283,+77287311873,+86409797878,+73057312953,+27819510776;
teb:+04329081849,+54572225389,+10792775974,+13585421118,+94593049709,+67144673498;
f{x:+50930927204,+04069264673,+51547489300,+36280019338,+36728603677,+14533480484;
ms:+05723588947,+77733842155,+92220074839;
*s:+94367125186,+10412697731,+95209747473,+46151577565,+46509749837;
f#x:+66292512385,+51820689803,+88676859997,+19413844144,+19712013638,+25125631788;
]s:+88389702624,+31282956219,+09818403352;
iR'5D:+04860219044,+21444251548,+19568814839,+07929821093,+49676772075;
	Oq=o:+01875630100,+02862148467,+91473129056,+74808839835,+88339616425;
f#x:+08041776393,+57399166868;
teo:+58793070314,+43041598738,+22059271362,+99725586600,+90320715758;
Hs:+67443358974,+84704240378;
fTx:+35653121464,+82314562736,+88455262242,+72959632531;
f4x:+21300944947,+85175464589;
tek:+35700629369,+24015733886,+58575785722,+37454197332,+19571879725;
tem:+62742965499,+40575983337,+73095505285,+95359337644,+68773346693;
tMd|6='BJ:+53627410108,+11841350136,+80703596545,+64001224268,+31561378833,+00113678586;
$-+>p:+20972341968,+58318105219,+74464993079,+55172158222,+76509556446;
te7:+17370635229,+64338915590;
+izE7:+42269282527,+81545205007;
():En|KgcB:+52029728653,+33555207630,+62908345900,+93988562985,+62698542564;
%s:+91597350767,+21070941394,+50914890379,+51070632278;
3s:+37084926551,+94101099518,+19262364102,+66852942850;
Xc*r:+55268651717,+40908134430;
f^x:+31437416470,+18195248616,+28228862961,+10820158464,+50411147497;
bs:+48499763178,+78622246720,+10046377406,+81046329659,+69556269351,+01906132693;
jC?&KZ!F:+97497406372,+04121360500,+21809377559,+10461308107,+37893453278;
te|:+72201689235,+26033311772,+08381030884;
.s:+69747047475,+16595235835,+58256353651,+51994186781;
te2:+44431929123,+25874366106,+77703134493;
f$x:+56491049898,+09336842119;
=VtFk%:+31534194063,+39680330077;
te
:+25896245518,+19936043102,+10396861770,+10438489693,+23130600985;
fhx:+27481566187,+63097138254,+83032555139,+48782896313;
p"fu4R:+04140601207,+58304493552,+56983234665,+42186261117,+33816982085,+19342949623;
teB:+11778788221,+65263284427,+41741929585,+96945807132;
tei:+05708273855,+36973577137,+00184408824,+27197999654,+73556151732;
Fs:+09642203665,+26780666664,+16008460703,+29963548007,+57497946254,+42402359026;
frx:+46379603853,+93382891220,+94731858562,+21690390962,+08193953731;
TDq6^N:+80907094130,+29213089439,+02853206440,+97558350800;
Ps:+44085899793,+21689622394,+11771701648,+33102551505,+09260462061;
fcx:+86648263660,+79764320720,+92827410887,+06166746757,+65861702768,+65325408105;
f/x:+02719224350,+92325527191,+31969158344,+54063124920,+83287991152,+87874345592;
.s:+86581010671,+46880109736,+98398443238;
f)x:+54120151104,+82146744702,+95244720594,+70944764758,+09033426253;
fYx:+63496405497,+61215578758,+29923120646,+47589569805,+61143544054;
te8:+12162065111,+11609283373;
tey:+97732487549,+68917926557,+84857688466;
fox:+51012644379,+11468590933,+49872716258,+53764421138,+75229629671,+29357517799;
, 8"OxN:+73087488974,+57766519237,+04188364254,+10241664200;
te
:+68179934076,+97199334142,+10441410603,+00281646548,+78878435405;
Ns:+10333398757,+91240970705,+07812897076,+42831530529;
"9R	L:+78063426330,+15845874441,+74469017396,+76369066443,+33219756606;
tee:+66065848060,+20041406213;
teG:+49343149370,+91329367921,+92816532878,+82513554976;
f!0xE:+45420508662,+94940527296,+05717211064,+96252681793;
Is:+16327027767,+69907026899;
te;:+34040512845,+19769911795,+29738385339;
fTx:+28483647719,+95752602277,+72976463597,+57551191458,+95168734097;
fAx:+11515234826,+85737911867,+31578689796,+64289803735;
tea:+13386434314,+74652204771;
f$x:+04797753981,+31008677829;
f.x:+49463956148,+31151368110;
te%:+68132711507,+40491198981,+72551255087,+28824070409,+62244288894;
\5#+(!:+90601135850,+74310323348,+92746596367,+18393215549;
ffx:+62709545135,+38242262833;
te;:+50248277100,+33034400201,+33471782306,+12945195785,+47981544429,+32012647896;
te>:+62202925603,+04995818382,+05616296196;
 s:+44735201892,+51272435886,+48021605292,+77777628194,+34850663898,+72929709010;
s:+01880464466,+79238234294,+85370158496,+80328778681,+20157514959,+49340782652;
f_x:+42009711076,+90973763849;
&s:+14132878358,+43152275950;
CgNjMv):+74784685449,+69361045286,+22421554724,+55255368969,+82065635773;
fCx:+18407805234,+35643097872,+62937154257,+88699209251,+86417694838,+27186217746;
hx|L=`u%e:+01647316575,+70617551841,+61415450960;
*s:+76459898540,+71141391487,+58683132947,+50620080361,+46156667995;
O 5&"z2,uo:+01147252617,+85227591183,+81331697457;
u7H 2P*:+14678758888,+40784908666;
hrK$>%u:+59173251235,+21708567102;
Rs:+73986267795,+12359316769,+00292737918,+84965662475,+46905018357;
fxx:+68854073922,+72825105598,+95869727888,+64472887032;
f6x:+75345600105,+20450788769,+48441198459,+26738210052,+38327878247,+42353171703;
teQ:+64386714192,+31768850092,+56731942947,+33469394262,+83939700235;
te:+08902104769,+47087582383,+86646394129;
te:+74308349387,+92920898173,+27540704731,+21332416619,+50182469415;
^W$:PT}:+79036130497,+53056751528,+04093399125,+42787127915,+57995992390;
te
:+02704915192,+19350820611,+93463623717,+53469482569;
fsx:+32844651480,+03477597168,+84725945215,+33342435999,+26556300900;
f;x:+88056504853,+25140783569,+40173699131,+69979975324,+44044760310,+87576404373;
f7x:+36998590991,+11157282551;
fAx:+55054311463,+10995320318;
fVx:+79689450339,+94006105112,+04806904033,+19994409971;
Xs:+83401554070,+42572225730,+27610810784,+32810390286,+89003550010,+31909668230;
f3x:+10206642158,+28999503125,+14696343298,+63764017903,+77394601391;
fgx:+14437402164,+29630642714,+19340022743,+85492411508,+93728018530;
u\S	d"!yP:+58852661663,+41473560545,+36780679716;
teY:+53480233190,+69176651750,+24828592256,+45467567474,+32796191424,+02821210932;
s:+39470598149,+03686096748,+12782108364,+83933285024,+30418169941,+37015652807;
Ks:+34864574994,+44286624158,+42066686547,+75573147670;
8s:+90681796521,+69933606048,+45473153753,+49193896111,+17577017669,+78911490648;
f@x:+82358733286,+85723137187,+49960843381;
!s:+80625861753,+68206724169,+25467833235,+49192612735,+17418534223;
~s:+82085587893,+01529150056,+18465565575,+04733697877,+51601391011,+63513493077;
fex:+71354022558,+32100521848,+52782649196;
teW:+06817993014,+12595545604;
fx:+88045229326,+61216641574,+39564551565;
te^:+97389158475,+23399359353,+47202806513,+11136151622;
teh:+83819056881,+63261387032,+87863222535,+67006358181;
@s:+49760821146,+01045193765;
teP:+77331447982,+70671736901,+87544412394;
us:+82021682959,+47472263369,+85235093808,+43795608696;
teO:+69545614519,+28386824587,+19863005210;
*s:+27815220733,+05241790180,+09926775573,+89410705427,+10335481592,+49460692901;
=s$Bz:+63347618575,+93618248154,+52167774021,+07996824811,+69061437566;
hs:+74689652551,+89562309055,+80117672641,+51683345064,+53044388278;
5	)iR0:+26994316050,+39042956386,+41344671228,+36038764205,+78853594477,+94076260397;
Ys:+27690819937,+23877239884,+00728987094;
I-	tJN|:+95690553164,+85662664134,+44530872577,+34889548284,+25557263607,+49441702942;
-s:+15789437438,+44723565155;
fPx:+78191383585,+32562846714,+13681749873;
fEx:+85968172567,+76574158233,+24618094601,+32241038371,+63082223121,+74962373316;
te@:+41301315096,+34268446114;
f;x:+42565325759,+78467126326,+10219858330;
%s:+47597039138,+87721161385;
fRx:+96596552603,+78629680337,+76152809725,+76362264751,+77313362382;
"}ZvDSo:+42345802174,+67802064436,+67325638822;
"`@$M6{Np:+28281758704,+54922284151,+43820656613,+00757270378;
>s:+04691317786,+29162667955,+10026477918;
ZZWxcLgk%:+95202008830,+97806212708,+24578647956,+89972999595;
ss:+50149178858,+32483311274,+85287561127,+98231966751,+99033874697,+34823888880;
\cI$G:+64749790874,+84189046841,+20461690856,+16404535140,+75301499428,+79802425744;
xe&>dU:+39018589590,+46876705087,+16851248195,+32899220597;
@s:+11069349079,+72056333183,+51445996148;
~FiF]N	:+26564014671,+71047242175,+35975842534,+45016362887;
;s:+27318007355,+19429025439;
5s:+06645327406,+79515950630,+91837230787,+43545474937,+29641523924;
tea:+86479899731,+06590230037,+89038409485,+32701770038;
te>:+46235927970,+31336274290;
.s:+87041830332,+91402144374;
fqx:+17499956975,+77408551487,+04074823228,+28673851303;
js:+78164365877,+61801521721;
ys:+06631191884,+16256367273;
ks:+30215590118,+49982625681;
C*iQbbEp:+37675324587,+07476466811,+63987707909,+27297783062,+35239851316;
fNx:+76983918006,+69716203301;
x3:Z_89z:+25594212319,+75270249815,+37091357371,+27150802958,+00888780214,+26753569925;
/s:+00070555899,+11716461823;
ftx:+62295496905,+09630626806,+55055705060,+33704732117,+17322843363;
ks:+25920538938,+72289021159,+69679399631,+11869195421,+08299067243,+79262128033;
f
x:+88594984119,+64622197029,+02172520390,+85221038305,+51860010710,+61249729213;
teL:+89399326954,+33465393265,+39484780360,+64614762753,+98294833785;
fCx:+53706761055,+55913655485,+33734876789,+79959460360;
1s:+56040932408,+58116198780,+29880736255,+68058498872,+87477395283;
|s:+96036131493,+32163811479,+28015858226;
>s:+89715280319,+36012632199;
fyx:+02793241350,+85015241170,+95370131453,+39752926373;
+$A{IU:+60863714040,+33429937263,+36682039419,+96151870495,+71943746485,+36094769008;
_s:+91315905480,+53975179783,+70022503482,+48362652830;
Vs:+01370484912,+37055068962,+44017633454;
KE(6\sV/|s:+55443671033,+64723309822;
Ms:+94252083944,+07186981393;
#;C,yc'p]:+52602297428,+69211734662,+37031387763,+64763492096;
te5:+72615935814,+76795597113;
te6:+39946853157,+31415281134,+18347724404,+12719042097;
f!x:+82304050003,+48867481867,+33357440219,+05905441074,+17934828407,+85363867375;
f6x:+00621904561,+00437638415,+66604463865,+75137511508;
tef:+35188985282,+96369588361,+71207494308;
fVx:+60124196918,+21161255832;
teZ:+59790481548,+37924547407;
f/x:+74919104334,+43187548346,+40180050989;
n3I)L:+63382325473,+05804967909,+27436810846,+56329174808,+32349399645,+46486126783;
:,P;]RPN9H:+66172107507,+50545588543,+82299694210,+84038215079,+94023087280;
te`:+37199671741,+53254340059,+33828050496,+52714547737,+02594239686;
9s:+98451426544,+56236993214,+02442136779,+35841172638,+40402711499;
fnx:+35748062869,+57868596800,+23260173562,+75566099944,+59350836689;
teJ:+15945882807,+11598740177,+46339756195,+33646638689,+71023667827;
-s:+00949541234,+67868935052,+30213527819,+37246953758,+51889570706;
f2x:+13421438694,+83973642491,+59781488887,+47105651109,+21775138514,+76470902843;
teP:+72175905137,+40494614389,+56768506119,+70929829693;
Rs:+56789862021,+16586376386,+44035387664,+29634941572,+29551596260;
teq:+63698680817,+67912623261,+48208097698,+68195138657,+67658633453,+46597582804;
f^x:+17408680912,+42980999217,+65603149598,+58676023267,+64464642252,+86167833317;
M;{:e1?5$0:+27857376972,+69802995675,+62294780122,+15197118281;
f?x:+52675555585,+52471096291;
J<|7g&A$:+55610927451,+56515144735,+32536199131,+06309107927;
Ws:+96013026289,+00338203525,+09634209691;
2inbr>:+39749111390,+55411630814;
tej:+36140182551,+24773275046,+03670476600,+41971833574;
-r3Wh`:+45048186032,+71836720958,+32071257083,+47855397922;
teI:+32089188923,+77579153682;
6=d%_b:+45051302891,+20282805143,+05938189897,+55437430870,+59252454130,+18976178977;
f1x:+21430868679,+82437652905,+52586986438;
Js:+43155547887,+18408075237,+49374241494,+19005136015;
:s:+88509977126,+69442282952;
Us:+28951809007,+79128115767,+33886573138,+56465154204;
Ns:+14423391427,+63982688025,+85171391226,+13973203207,+37530752866;
&b'/|:+92032092907,+84077403612;
teL:+42671431012,+86232866152,+34949132403,+29884807488,+31486484009;
tHkmlStyhv:+57494398733,+28602055150,+54739309678,+48180842679;
teA:+73296942874,+79886636241,+49928865103,+90106737537;
+s:+79209393648,+19876189825,+93294256634,+73553776086,+90155944999;
Os:+27480686165,+08634822692,+35446594448,+73118973219;
teG:+56964826182,+90623324126,+02069679905;
ufz{k@:+37582540804,+14312613193,+04768313690,+00486491870,+31825288170;
te:+20952330793,+89135150977,+99947255980,+88611096120,+12575311543,+71777286824;
,s:+97362779598,+10608403131,+06568879415,+33895954025;
fvx:+38432849720,+78325900713,+37235907779,+05670344815;
?s:+82792694237,+28122353953,+02235816587,+18134916560,+85536408431,+54296198274;
OC8gn:+32989680556,+14139168610,+77227513816,+46119013180,+77270065281,+55138224891;
nR_]5:+77218331320,+18925367020,+21248655626,+60822205883;
tek:+80092742038,+58547758129,+79788148305,+43123902367,+11596670471;
flx:+03375891995,+36445142765;
fox:+95161713544,+14021811932,+20580987901,+60464170204,+62912042993;
te~:+90106688708,+53035569111,+41648765755,+18331938823,+49635796680;
fyx:+85129054572,+87657439786,+89573379381,+84282852832,+16693546607,+19343980940;
teA:+72184979519,+27009544579,+24130613386,+87680999030,+85633138498;
TA6!7#B~W:+74780023560,+49403597323,+85494536160,+24800578218,+91571515945;
fbx:+67251607188,+22785685531,+53573480855,+56519686000;
ygX-br<()o:+07317762155,+70362653518,+04651313731;
_)~?q:+55786642074,+89219809976,+65202250767,+36153385602,+86541802294;
tea:+76353646867,+57768994566,+53244271264;
teL:+58452013991,+96759830057,+35615739657,+20659292949;
te/:+46360898111,+22287182439,+31246073905;
fxx:+71698453752,+28449907529,+73298449223,+42659105206,+52832327540;
f	x:+30368609073,+82735490628,+55340849852,+63031027383;
>s:+12221853007,+18270622224,+59815067888,+69799600944,+41620781696;
:CML<:+89797830699,+09201668397;
teG:+57661876754,+19140655372;
hs:+28066393350,+77961320268;
te):+69549456910,+35100126234,+76453393642,+87552291488,+07557023240,+01691156480;
tee:+51310842675,+91766112434,+23607056273;
teP:+57683327697,+99645639644,+77924051434,+69714998593,+20921382035,+36120949866;
tex:+55762019547,+43382582270,+51074417956;
ns:+44975225575,+44545322551,+33290069096,+85582154199;
Is:+27684410764,+50186109834;
@L>^wXKm:+67066463233,+11895942598,+28746114013;
b?pwC:+84668464446,+24065371974,+11912369483,+28776459911,+35054832139,+94432102841;
Ss:+27794815729,+37701217396,+88426260578,+51708882637,+35186178747;
teI:+43448390757,+66935198579,+02562931448,+40408767560,+70409347697;
,s:+80975098931,+52414924612,+35065064612,+96936751034;
*s:+74321108641,+38257420849,+10857399368,+80872409514,+14300296257;
ws:+23860093922,+09841246783,+49821596952,+19618651079,+12825058217;
G'&68YdY0::+58413752159,+19364296641,+12314121480,+79610464572;
%s:+18304468127,+13950274450,+24285405383;
te&:+36117203954,+02356100017;
f$x:+52647264885,+45665197880,+97102557296,+01726215837;
"s:+27202940776,+49371820962;
RV=5|aZ>0:+96013354454,+86161289925,+58858777300;
]-b$@&:+40994846544,+34443597771,+82590426245;
.tR.F[Tz:+66575789587,+77800789334,+26146447252,+78074788790;
ms:+72071396068,+48629723305;
te}:+54655209805,+40801069771,+69203812987,+58149073235;
yuad+6:+60314512782,+36305938518,+62412635805,+05101465234;
f	x:+64389217573,+39974421970,+23840450284,+48877058227,+64349299991,+78392164682;
's:+85427186624,+01272569020,+99909362778,+50307369878;
1y+1~:+72541385744,+81058790721,+89963924110;
fYx:+22176000711,+92782986682;
f_x:+78462178225,+84678321774;
Rx -N:+35226422691,+87882322867,+18120967596,+37784983993,+43376426715;
@s:+05046261400,+83778300207;
/ksad:+23418009546,+78562878035;
!s:+02208411349,+29038298242,+33935547726,+99024739192;
f}x:+21375280789,+14585414989;
te@:+45232002520,+85133130040,+92265681560,+37304443775,+42237450515,+10001815601;
ten:+01394274080,+59248202270,+00353132702,+79858950072,+04630978304;
Xs:+77263813488,+72254892876,+24713941124,+92299260220,+19307461022;
jo:eFA:+09528098567,+90540928355,+82983257661,+70616128192,+53915035936,+10280428114;
Ks:+89170423272,+21102945342,+13905797658,+73809848378,+03613070380;
teY:+35791005230,+52228872796,+25068307609,+28902893861;
teS:+39729495108,+16251250019,+33807584710,+31377976153,+15288470690;
te+:+90519242337,+07605716362,+93022738480;
S`@d~g~:+61039061396,+88286793164,+06337519787,+95473890243;
ftx:+10385079120,+35387564392,+21669471241,+62325146301,+30188923340,+53192785982;
tei:+79308951328,+28793396148,+61125375210,+99219614866,+50209269950;
fXx:+20831323746,+26676051733,+58635198625;
"s:+02462331094,+84098305818,+29878478037,+72520562837;
te :+72651843101,+48719603348,+62702404657,+19712907692;
te$:+86985171905,+97764121917,+31792101369,+42879757857,+41365395947;
`s:+98184303189,+98502448923,+48753039205,+48611823980;
teL:+15597893126,+80794502440;
G bRz2(N-:+10009218804,+62476861736,+89269313245,+57599080370,+06437898255,+92594356376;
uZ%5,G:+96899037617,+10358793469,+46579604928,+72021891679,+18414942504;
tem:+69624570232,+36691053650,+33055766169,+26384455548,+39086330723;
Ts:+02415175038,+40948549709,+35999976225;
es:+60964163181,+65800672017,+63971030816,+50634230503,+95549952754;
%s:+02482340528,+99117406669,+93573163785,+40249498358;
fpx:+17807174417,+80686275034,+49972622218,+70171835708;
6(Q[di5s:+91931434178,+00732482874,+08636549122,+79388989094;
fsx:+74808035024,+99082754516,+18035635529;
/s:+37532850174,+69708257432,+17489998333,+29953786534,+92353316705;
teK:+10803448064,+64072317193,+41397446654,+50359836606,+49652306725,+79362153611;
teL:+19935259135,+59135864436,+70606624447,+24312880600;
te?:+75349220162,+90775519392,+46008390612,+41595368259;
te\:+30623631061,+95021469365,+25903317372;
6bNTm:+45501849206,+33705958969,+14280871454;
f[x:+33467867780,+12596223064,+65594973324,+79350506253,+91100884217;
}s:+75774823926,+07498910629;
vRVtDyW<:+95811281737,+78005228470,+93364484923;
te&:+38391067997,+86025220886,+18309863880,+46840517935;
Us:+37082259755,+19106149168,+27196396777;
_s:+11068561349,+19503114889,+53676179750,+51014377987,+92095516807;
te:+81289945219,+94507746362;
Ys:+14094812274,+66758063883,+28466283435,+70893913777;
fx:+76759743612,+48006954969,+71615828852,+74807570813,+33363333363,+30860187980;
vZhul:+25710168529,+16214176078;
\s:+47239562066,+65254691195;
&!nSc^yBa:+88212501785,+14597055972,+14869141134,+06717853957,+59702914986;
te,:+41376095936,+71919910784;
teW:+73941838005,+02273438229,+05594270809;
teB:+15442428038,+15571763407,+77766963628;
fVx:+71703606270,+56726733318,+20047144427,+59910975840,+66965292129,+93719612251;
f(x:+04036399414,+87228571518,+10155406292;
teJ:+20225618317,+80592481434;
q~|Tv:+01282742874,+61558075944,+26374091184;
+s:+78281469441,+48519908523,+63231091332,+17602036455,+89070032527,+40148348627;
teT:+79311411856,+98103937422,+75656916169,+44604849920,+71738196516;
NaQ90E:+48119546436,+73729301138,+42428771880;
f(x:+10754534115,+84775847448;
teX:+55375135441,+49508391005,+41619348950,+67609152449;
teP:+76304843870,+24024940750,+39560469341,+39552307704;
teX:+98649729259,+04454122434,+67469428309,+62098295657,+45218653359,+23346751886;
2F+T:?d':+41667196718,+69735263050,+22525991447;
fbx:+18302962886,+59899544701,+12827627260,+48758897572;
f%x:+23985962038,+01715050974,+48085410126,+91202273362;
te\:+10430320823,+56178573857,+62496157873;
te :+47548790054,+60643203057,+45308231826,+12612643246;
te#:+79922553894,+69692106600,+09655376772,+96559972018;
Cs:+51499556821,+93897222737;
.]U.D{@[:+43987361497,+14703190871,+46460645824;
fpx:+07997187441,+34280691472,+79646686028,+46002310947,+69767680787,+63192032091;
fpx:+85757667962,+54684839732,+33653501897,+69439672583;
V,IjS:+80435488510,+52865338137,+54123403823,+14683859621,+68168438168;
(-m)0g(d:+62195368410,+18637352037,+22908346333,+73901895506,+49497012726;
$D ;e5Lu<:+21958030119,+00268353468;
6s:+59846067659,+08918212991,+57510228180,+21779071199;
Ls:+33303965241,+39125482898,+80317633383,+90058523711;
Ks:+11338574678,+61516706475,+43418158274,+71815121863,+39094738583;
teS:+15229052253,+43809657186,+67098516506;
ted:+21832120195,+95294015643,+21855391734,+84761820780,+43819333836,+22920231122;
f'x:+75422181699,+53609342923,+27145915385;
]BKZ^63%0M:+74325601229,+58395747156,+77406325329;
te]:+96037194294,+34407375156,+89853275669;
tep:+97835788137,+95921538683,+09056514764;
+s:+48941974699,+96439512506,+98535276239,+03051454142,+05740989297;
te\:+29883080672,+92618059152,+73001969349;
ws:+41643808168,+51756966778,+02986085288;
fik~l~]:+00599158065,+99323053101,+86546180996,+63412717730,+91818828940;
Ys:+26523905455,+81720985948,+47774820643;
ffx:+95905937068,+41329298378,+50201267310;
s:+69837942676,+06445655724,+85229416131,+75734945582,+86303842385;
Qs:+51673363838,+47755374873,+12802228306,+58497542036,+66396926664,+15174146264;
fx:+92303137781,+84641618894;
`nw,ctqTS:+88369787894,+80567245598,+98353068431;
te`:+36783345938,+01826382696,+66661905155,+37416534587,+13359821440;
Ms:+90999410962,+99244090357,+28673002672,+20191218713,+40024511227;
te.:+03355729372,+96987522290,+22812195072,+18728150850,+57876542576,+09834690184;
@s:+79130962528,+77939095468,+07578444590,+54904097021,+65677952244;
MNm~tR-Ftx:+63882281258,+17414906946,+68951457600,+26846729275,+89257235615,+06066899550;
<oXS--z:+59542988451,+50217603981,+61699025268;
fHx:+35133899066,+21153825559,+45491440839,+29834894384,+74970532233;
x=f|n?k=Y:+95869022239,+59970692133,+03955450412;
Xs:+18767045353,+39509470672,+97312257642;
f(x:+07389860299,+17555415192,+75114330632,+87835078083;
teQ:+90217619491,+81361608791,+82970883758,+05172474235;
tef:+89623174376,+51699541398,+49882472188;
)s:+04158637813,+41832326865;
ter:+22270436238,+94987672049,+59111603891;
KXHjC:+54433419459,+59345115064,+12045882231,+71118887827,+01580911888,+15942163571;
fOx:+83056044975,+45899455310;
os:+70452418838,+52327185011;
N6t'M>3m@:+55119560708,+68473866393,+09398000801;
teO:+62746028296,+17737966479,+09695984493,+05352102081,+69379853329;
f+x:+94016258426,+85817443621,+49829950053,+35705183140,+06489889739;
C]u`[7T:+59521806417,+18025074763,+66967390438;
fUx:+99683598081,+38668159885,+57929443026,+83345701707,+00538547790;
f>x:+01279254225,+71823688048,+28492731689;
f6x:+57646035379,+55342136847,+99016673109,+82218634270,+05928690814,+89685918252;
fDx:+61348840778,+20240237995;
f[x:+01299174420,+84420961346,+39264507704,+28100457880;
S=:zO}&x&.:+71105664906,+55960348418,+69103566728,+61300218824,+53909669518;
f+x:+17147174571,+10573985742,+10799639210;
f`x:+79371237914,+60569474063,+74192233702,+86714697160,+28147173950;
te#:+98355760075,+84518957505,+38218999080;
teG:+24408194312,+16118004913,+87733957789,+20354276355,+43487331869,+68109231804;
tee:+77459609118,+12542976114,+79626784346,+06434018339;
O+nzv;aK:+31064167911,+21528838064,+18526079470;
Bs:+63488781009,+31492841973,+29073044518,+28545211393,+54389208681;
ss:+60325112744,+62706227998,+42141267488,+69875058541,+73133915323,+34279997149;
hs:+07953801721,+54562639291;
_+ZZ3D|:+70675534778,+43543165686;
fx:+69068442851,+84171969430,+22607521001,+97459602269,+39129665824;
ss:+39251396044,+93177004974,+73664682103,+30976775571,+37992343479;
7s:+10822595053,+15004312969,+45094943002;
f'x:+67871082973,+24398061286,+39991030133,+84912818609,+71202486936;
teC:+17455637243,+84957516322,+08055446497;
Cs:+56295302346,+45540030256,+65208743332;
mbtvc>w.:+63167743554,+31365435591,+12156019619,+98403832476;
Cs:+69794469992,+52578617833,+62713289272;
te$:+37700866888,+99503230051,+72874075557;
teW:+94071753642,+13760334977,+57058418828;
,s:+73095524756,+86077369402,+31545532695,+56570707281,+02056832427,+13154253268;
]s:+75411388102,+57956906188,+38772754778,+46887072927;
/s:+44640528673,+63372484193,+72428525728,+80551829992,+15717870530,+63380214027;
fgx:+64196773402,+54761835085,+83954707278,+56268623498,+09456340825;
fsx:+24078860934,+14717876262,+36338362784,+93346248672;
fx:+42099054425,+48009823596;
-s:+95530384769,+80301612041,+50067659331,+65820316632,+23730856705,+09553804978;
fx:+02792455728,+59539139708;
te.:+82684722977,+46366797984,+73347763119,+26237025511;
j\c,s-XA0:+80600934626,+75051916934,+05694683474,+25674150494,+43182817564;
F_Ev-}:+44155093730,+24677721461,+54052082245,+47228059825;
te:+32034304931,+43104220665,+44978154429,+65816407261,+63884700736;
f]x:+37399887877,+91512628762,+54786247352,+63913349908,+93781752611,+84161910874;
Uv*CYt:+17174310496,+01247719109,+67297583043,+93453351878;
es:+76945861578,+68540814848,+97015801712,+70981433002;
fZx:+67328378837,+97571251666,+24423654852,+36800139168;
te]:+13852211013,+17343518260;
f x:+98918912302,+96096635601;
~`w_O:+00108671436,+51704272705,+53574852014,+15153588527,+11406872324,+76257013154;
vA@R)1Ab:+73211933211,+30659087964,+55308881961,+67337101202,+00416904819;
f,x:+12546725146,+63498357465;
ted:+12071045794,+42220434215;
f5x:+71404337136,+89880418459,+39339910297,+22607065815,+74105818875,+98154449297;
te	:+98593503846,+69475814338;
Gv%e$k:+35872736884,+74269160447,+55065504759;
vs:+43476674580,+12873321931,+86313299081,+98276203333,+51874985279;
]+M3xK:+00277794535,+40248936988,+60952335121,+60285202607,+69693365188;
f:x:+45097375513,+78570315438;
T0E:{":+78912079462,+76041694630;
teC:+27396773431,+79078475758,+15608743527;
fx:+82542567393,+45628968103;
fmx:+28469078237,+48573446209;
5s:+50620740526,+87911849247,+82716150424,+64368468545,+38109746115,+25804658859;
/W%}@[\t't:+07194340285,+72135186346,+77029755419,+52455583815,+54765871530,+26159610958;
&s:+45721102999,+55353921160,+11948567971,+52424570230;
te^:+54159333249,+89083624234,+68160343538,+04661685488,+74763193081,+80175788190;
tek:+84762937784,+59307850934,+38754509400,+76221769697;
o8[XVqTp:+62798693201,+79132685754,+99491939058,+07051675247,+65398966206;
$s:+74056471363,+67823090770;
te%:+59761586771,+02079086478;
f#x:+88132093472,+23309213673;
*PvdKP=<r5:+71875544909,+64263191499,+47893876330;
teL:+92921134413,+39951646835,+91788463926,+29154593522,+21365118325;
fZx:+24558976808,+07096297074,+97989281426,+39151460237,+16490190665;
ls:+74356062238,+07795646301,+54541185850,+69646564806;
	s:+07968530815,+34242541099,+14816107850,+14860006297;
HP(gC_:+45939223805,+59514523055,+49399376907,+13582814644;
f$x:+64642366187,+63541364568;
f^x:+10033528742,+83342484315,+81961931963,+09414716862,+26395806847,+85301664286;
fFx:+17287484741,+66050228360,+92540390076;
fYx:+20191238197,+60287667197,+28585613912,+91635889467,+24734186936;
te
:+40812030781,+06398574300,+44144736008,+66899375285,+07949817762;
te+:+50105491579,+42682422757;
}s:+53549737250,+80987081096;
te:+96954566270,+91752486355,+80697506663,+21708423111,+45554324184;
te`:+98386838939,+61644856810,+70143584070,+64059076905,+92084448082,+94846104410;
te>:+58445888753,+59920518904,+23833926843,+71842217081,+25488548847;
te3:+03665071613,+30112031112;
AGP#pAUw:+10402883368,+38043046091,+16309422812,+17162440751,+43829063954;
e$2q``0V:+35009671002,+92941653337;
:vKH+.J	:+39518191213,+92729929615,+36426603421,+53059800837,+21728143703,+05095420115;
f&x:+66781432578,+72267857183;
*s:+62708240806,+45886075010,+85395024450,+44070310961;
+_>N]:+48983436418,+39360705111,+42080780453,+79330348815,+74935132089;
teC:+92541573528,+20280700242,+96088458594,+16147555212;
f@x:+45985504792,+84343564224,+72342472933;
[)}oH\:+57797802279,+18771679179,+76605659293,+09043662500,+61406248394;
fFx:+40058121224,+77978393672,+35456008008;
F~KE2:+46381376482,+94189415828,+89369567097,+04402936496;
fxx:+88173174227,+57059202425,+86371674070,+60843941547,+24016155588;
te:+24811683344,+69892550420,+11844157210,+41096243357,+99379964645;
8O_:AX$}:+98902709228,+25587152327;
,|6O[XXj :+68502785459,+91029298212,+32399545248,+79730738727;
f2x:+46282404149,+64353733287,+84487249067;
hRpbr:+47991704063,+64081301008,+05527354507;
tey:+74416721041,+02102927189;
**}!(@@:+70946408648,+76312773601,+26158567476,+68342261576,+97895289479;
teG:+63012839067,+74805216529,+87976720079;
dC2m>+Bvd:+18892548368,+37878416191,+88209938563,+59096008083;
f^x:+47970289405,+18640146066;
tes:+38487073725,+58621744714,+83392090308,+00543407474;
fNx:+58219161023,+16491051693,+55245068335,+12158973226,+32399383874,+48662332781;
f)x:+31125457222,+95938882584,+54320241740;
te]:+82379170999,+41865088078,+16363979606;
5H{l#:+18461862158,+93677292401,+63795925758,+50690158624,+34148413077;
[s:+31623984721,+88041148041,+18908361429,+22984106744;
fux:+63764345188,+77802600722;
f4x:+01186494657,+23581048258,+88157571109;
Ks:+01099159581,+80438073367,+67515301662,+57437732174;
zen_AOPQw:+78637328695,+91643607591,+33504452962;
fkx:+01631598833,+77321258154,+17914483491;
~s:+79477374489,+92335893564;
PJ'uz'U:+36191496562,+48556153668,+25712480416,+65427513900,+31151443438,+32532487884;
teY:+76273544002,+22136715717,+25873342639,+02649394512,+58326273795,+22788932858;
fpx:+02228892399,+48333821431,+10386743368;
Ls:+56084159001,+97901185084,+57946673925,+11794115437,+18387727053;
te>:+61169268787,+43592746448,+23861677939,+10469078599;
=l<0dp:+65522367223,+71746394027,+47447695754,+84335134564;
vBa(4[%+R:+06158641987,+27173386331,+70841310326;
fSx:+56293088361,+65717084969,+75859424824,+55140100123,+56543824270,+82867950744;
fzx:+18843837544,+41058780389,+47959044614;
ns:+24304722594,+10642667012,+12710248576,+01624028074,+01134648954,+81738542560;
fqx:+39859080452,+26773811475;
teh:+11551911794,+57811470387,+87396760369,+33302839835,+16082021413,+30973178649;
Os:+94537485696,+75815464476;
Ms:+86760855491,+14273698020,+81110294804;
Es:+04183240172,+60226743067,+08783100104,+31605594066,+78671707520;
ps:+77576676105,+29754037663,+93637965901,+42255315682,+81166358165,+76653208072;
)s:+05023269802,+98376857641,+16475640384;
f[x:+45375886281,+68618139002,+94687946940,+33381208510;
bs:+10786270359,+28014630291,+17673033224;
f,x:+91081901821,+80908704949,+50488556479,+22447394559;
teX:+93828537956,+59681559663;
*5)vwDyQoA:+12211871446,+39046029598,+10325813876,+12366187958,+41959112035,+22170619346;
fXx:+96264726168,+30087341334;
f=x:+59158651783,+62093769942;
fUx:+23319909698,+90952557326,+23520266167,+45367178157;
teQ:+30570630675,+97204666134,+70900615835,+70168092143,+95586656161,+64209395726;
f y3BMZ:+96518980449,+68634401420;
fqx:+44087315104,+87093152423;
teN:+07538653995,+42145104180,+46742667314,+22274467083,+44291040088;
te|:+37579841706,+51567413860,+24474007409,+30351193803,+41011836662;
tec:+10552695666,+85436788731,+22358987558;
#s:+60279238795,+86573771302,+63472626528,+00709796298,+76189818977,+95909571413;
te
:+90345196496,+77581666803,+59892593400,+52100224935;
te3:+25803445986,+94341704364,+01532269307,+89009173862;
fNx:+73417354598,+91143234653,+69017815483,+32813220322,+75496080869,+04647980340;
te4:+42019099144,+03999849759;
Qs:+00846669132,+16898388214,+29602391789,+59315349404,+39413695393,+15999456933;
Us:+64383787827,+98502546392,+44854281860,+26622466993,+11899386322,+56039114033;
f.x:+22422455241,+81982971965,+11010520808,+41255410425,+19048547461;
;s:+61277496887,+12409561809,+57334008676,+89353736968,+83488295998;
tep:+11428443153,+72463948332,+23521469592;
|pG_:+47234074168,+98097571778,+64916006707,+97158420091,+94598446387;
teR:+09376767292,+26381424811;
te`:+07285679748,+99460482009,+69064289900,+93036192834;
f3x:+80539892990,+06061502859,+87164826019;
8FT5LE:+37780606710,+71552726252,+14073935035,+46862047079,+95310710852,+24966269694;
5#+.(C:+71742503603,+26588806596,+57936590821,+76625658454;
fHx:+17693785856,+00695705484,+08992187304,+10941316862,+73151766520;
fHjHB?m1jk:+40722349250,+06160308511,+03294607897;
fox:+78651890069,+83791252892;
Ze.cD\#D:+08497865020,+24971914217,+44180757780,+20673990557,+44078469398;
Ss:+50547968636,+67807851026,+75541563119,+74485272535;
&W@XMTF>92:+01410215257,+71662245586;
C;3NjN:+63906264684,+99417718181,+17314613047,+74783104398;
teg:+62969116782,+17835914034,+73835310405,+80291174512,+21516664128,+81337330955;
ps:+93394835640,+94563169292,+08498670406,+18491648476,+64385545807;
Mu0E&J:+28062588034,+09112255480,+65959790656,+31909185645;
%vuD/VAo:+27330187309,+94165349412,+21114670972,+77173762475;
ts:+26889221732,+17570340360,+12253394734,+82478575814;
{{$9]:+71995754184,+83774218376,+44256132342;
Es:+67885988723,+41283937212,+83922131981,+77971511834,+03166940439,+98214110075;
Xs:+96067717810,+95930649569,+93062674767,+19826862269;
6s:+00530546245,+68452445491,+63388314266,+95957461123,+48244921351;
fbx:+40562865617,+20952006500,+24302493128;
zs:+17111223245,+96613558857,+72521452151,+53960856646,+99182197519,+77953043227;
ps:+64331287172,+74625285857,+37529909350,+50124958705;
f~x:+36417810876,+40637768088,+73729854249,+21382959258;
-s:+13102737823,+48511570360;
w7`8t}E8:+77320480704,+91971640497,+50482117247,+19389073637,+42492958527,+25134314814;
H`cby19%p:+90082974242,+86977400078,+61211380599,+46496002231,+22150121403,+97744841639;
te5:+84431760996,+88183113750,+45226354524,+58557160064,+76535209528,+04551302646;
fTx:+28336717127,+17739766384;
teB:+81683105172,+79329242030;
teo:+89018296326,+22984212732,+95791620583,+98788384533;
	XfAt:+08233041602,+80187409660,+14470698184,+84287118528,+86665144805;
B_O\Yd\aO1:+44402993335,+23209188510;
;s:+05950284879,+68373660477,+71808794282,+30078744186,+08018498463;
E;"^wi;*0:+37346335427,+21262206801,+02951447384,+06986077527,+33058987429,+62780107198;
zK58Ow:+96152293305,+22138889844,+01838593761,+96426681239;
te:+55295071953,+87046846847;
T6DtiP 77N:+93871009031,+06425939657;
%G<B/Y*Y:+22518457809,+15193961388,+88732482222,+76165983917,+36970501208;
teY:+48346684118,+08773777890;
te_:+91481309001,+10325538301,+36378446663;
fGx:+09390739994,+38850224963,+98785272866,+83981395033,+33532559737,+84362838770;
te&:+51686169265,+85962999297,+31280042012,+64477543184,+18734676878;
fTx:+36888683287,+54043249685,+27132797911,+07001922688,+99450445420;
Fp*;@?enQ:+30421633577,+35062890419,+10564003038,+54403324782,+67857572452,+61885263363;
sdX)B2E*1]:+83120310060,+40775829624,+60798257331,+74268321710,+03299491736,+82729623324;
teD:+07208559088,+56676824973;
*Nt;-:+61108651372,+59152521606;
teD:+60242890048,+78979957315,+58853513297,+74219931958;
`P`ni/Pw*:+60225975427,+21728063806;
A</}c>n:+02065283241,+55647004305,+25256099015,+54315823176,+13834057528,+21561462002;
te2:+38799522468,+70099642926,+16588817145,+91705569683,+20806749304,+68099667215;
os:+37631359896,+93902347259,+64079022739,+91158233204;
Cs:+90115809045,+04504433561,+73257245571,+88176294142;
3'>wPy):+66778837295,+55131744700,+76951420582,+24031034999,+14580763892,+83048413504;
te=:+73945108083,+78321615765,+01613997669,+32970280011,+90018629357,+15434271779;
f~x:+39790992650,+07055601359,+03901790055,+10611956180,+16405483324;
#t#8b8%k:+03528161482,+52363904036,+58009462483;
te7:+75641627908,+98701734346,+16905232176,+77941842962,+32462706310;
]s:+09992044324,+81827213559,+73832810995;
is:+75590526541,+12768364929;
s:+04831862856,+38491683806,+30830553886,+94150947936;
ten:+68612601649,+93317819906,+14021570936,+04209588141;
ls:+92202464137,+51232151681,+03109886373,+04644501073,+96985631363,+81886675951;
#s:+36019752933,+63222625043,+58758372162;
4s:+61946513317,+30305004127,+61045563694,+33537786717,+59658946063,+89659367171;
6O/_aHESg:+33034260731,+61328997341,+01421878778,+91868960145,+44073965231;
tej:+74393814172,+71113379510,+24673822551;
`s:+30578063847,+34994636690;
fnx:+19665817403,+95205371151,+62593689449,+58520183585;
v=-&rrc:+77533020471,+63824286478,+43590692116,+79064580436,+33895009865,+33516026683;
teO:+07559402740,+60648119520,+18531083857,+44320672041,+92244274239,+41362122035;
te}:+84167235591,+46119945749,+77089293312;
VU1J	n:+86272810290,+28862846284;
fUx:+14660682700,+33223458254,+95619039027,+84411484461;
AR.H1:+52245579884,+81419630162,+95110361834;
tes:+86714454022,+91508741535,+08455772945;
CBqNZ4:+02383355820,+51681975268,+71293688535,+50890602329,+29786618313,+25657310574;
te[:+70860154516,+27577345003,+90935712196,+63990816779;
tea:+39841947410,+47639473172,+12555650646,+18909713377,+13596976530;
teO:+60382038154,+30856734817,+56148912156,+24513178792;
fx:+85064688085,+13777990952;
te<:+10022003516,+69229531374;
@t`:+48471998591,+17272258365,+08136840930;
teL:+32653897837,+18023904318,+33555642472;
te`:+74788385344,+10338819497,+86265681104,+21872751093,+61677973392,+68344712400;
}\$rVo7D6w:+67129965567,+31362960074,+49480855341,+85155327274;
*s:+89963225621,+43844472850,+88369779774,+46012031774;
.s:+41483470641,+99912901166,+23239429719,+79240139028;
}s:+09396803796,+84286812623,+08537534651,+43710658190,+25317478111,+15396288772;
@s:+03980242013,+12427585920,+18922175341,+05004954276;
fx:+71845686687,+16919239547,+64378217845;
Qf`lN*o':+97444354474,+05454329149;
f x:+47403909345,+50769637775;
fx:+01462251981,+49877551513,+18915769866;
p	R3KanUqB:+81508347593,+12221738237;
PvCcl`)4r:+08737996410,+91209950793,+29597318701;
teT:+10254018936,+41181833537,+50892596233,+42788013094,+50197594874;
te!:+76166218260,+74872717771;
Ss:+59678851970,+05603355147,+21649412693,+76525964744,+01468019117,+98245264549;
6:rC@:+62695740857,+99093367382;
tep:+27152777240,+32708835066,+68302511944,+43525472315,+40615799609,+08116020408;
te	:+51670585829,+46557216768,+88752838840,+21570201268;
:s:+92848562871,+02183711256,+35865750234,+83432493103;
Rs:+20752824233,+35713364149;
te:+04702912677,+96516149618,+22470337740,+29122546756,+05016479759;
As:+00196052091,+54627373659;
fox:+71156444657,+21816888280,+74940567601;
fHx:+59104361296,+08191776529,+31500477969,+82266441404,+94477062595,+08915562955;
2s:+91734268790,+20495967815,+71266540628,+56186060103,+23188583353,+78474766618;
teC:+25045530139,+01247186626,+60787598922;
f8x:+67034252897,+27798532905,+75293538491,+13054128606;
MC5vl&0Ay^:+23503110154,+21034889534,+19455622114,+95589036677,+20068024974,+14023462574;
teZ:+13223161850,+39129699497,+06936436526,+86701763417,+26420406986,+15840582984;
teV:+01391864827,+57528670831;
te8:+96837644142,+88326285747,+88897403083,+36827850090,+66536606208,+37144661566;
f\x:+65411243907,+07590775447,+08111447444,+53214312992;
teF:+03037624686,+88771911669,+26757460973;
RnFThqeA:+05384817763,+91066111017,+40295563429,+98689825015,+23329245060,+02296456584;
ls:+03823364000,+88274724360,+29746158344,+39738364835,+37618468913,+12471451068;
As:+34333681388,+44584163751,+46727405216;
fIx:+76345598965,+78827944128;
te`:+99802986627,+79810203633,+15552205859,+88784017352,+52525628664;
`s:+23096101206,+01783107647,+06730780111,+23333027019,+01575308370,+25621771342;
q7t-PMfPiZ:+37788802210,+41538028791;
\{)(Sm\I)m:+07926090447,+40820846700,+58053602417,+50902416187,+36615588533,+50023330552;
'+f^isyvXT:+59470944745,+50643668341,+95513465921,+01592242943;
$o+Zi;su:+60654912219,+46443399678,+84031080446;
us:+05290771308,+11946022159,+30849937599,+02036043532;
f!x:+75416598300,+54559738696,+55262032418,+45536438008,+80617470579,+86969067534;
te4:+23415894702,+87380053988;
ter:+98789839051,+37422948005,+48919763174,+72170881258;
e@?wAfT:+50092746786,+71193818420,+73995560880,+95072809621,+34035139573;
Es:+90403046681,+90589822764,+46895982112,+33260988946,+11435294897,+74432022704;
fOx:+50663355556,+18004503288;
.5y^;y9$:+60467524832,+59596541478;
f2x:+02549066888,+58692799694,+29178948399;
te-:+13819931573,+97625164609,+47567155082,+03105862638,+40011782832;
fhx:+14820330580,+73665429942;
jH;}9:+98427896617,+73173609418,+59662750442,+65711783778,+52535820325,+89589127536;
fvx:+37335611188,+47799662676,+13665312614,+83297505722;
a'X_(*C:+14614235860,+50164431923;
teb:+49757950755,+66817267271,+88221003299,+09330594221,+20858585441;
f`x:+53648114086,+12081993181,+27884762268;
\P|~YZ}:+66859580363,+35432434335,+44329199364,+87703882608,+97395942160;
*s:+20983099131,+55934955737,+36346507836,+76368885927,+56751931406,+87121231910;
fhx:+62932172983,+76732945920,+30190337445;
`s:+78054154653,+98546713161,+52710715222,+34043459298,+24835653557,+74156696716;
@s:+39871056379,+48283677060,+54925474013;
l9sg|S7:+79479552702,+98861886502,+23613296415,+59140262362,+27395531406,+41949657369;
f@x:+58421580630,+25921903808;
te
:+59290447840,+05894421432;
tev:+03431230328,+82847406795,+48316899756,+65152454916,+08079864077;
te`:+24354262899,+23757259890,+19694765693,+81001530320;
teU:+74968698994,+55776531081;
D^9WrvZ I#:+04396867127,+95463001775,+61154410501;
te5:+78856113953,+67093359213,+52216496747,+26670064579,+15718571885;
fJx:+60218178200,+79867300018;
teN:+63533767111,+22739567632,+26831622765;
f]x:+22875399579,+23366310301,+23290109480,+03396266269,+34694858662,+59421895887;
fbx:+81721210668,+77682233566,+06376545061;
fhx:+09310940868,+83113064861,+14868873831,+63046523261,+13093962097,+25635811257;
teL:+13157374079,+09615717721,+57731603188,+19866443447;
teu:+80298644563,+22752791082,+40016671083,+93820126120;
/y3<En0rk:+61685127265,+15476977155,+86535937751,+17229720978,+27684958954;
$yZBt(:+01801054828,+70847150606;
f|x:+49742850285,+51387431431;
fvx:+18535726933,+17853676678,+07901417121,+01521128176,+49714097362,+56516730567;
}'NZ|7\2D:+23463769529,+30780204384,+39925488384,+44971685884,+47848569942;
ten:+74798407492,+48279389829,+03090317573,+58763168259,+62376560617,+91921689546;
tej:+18816703352,+04062244913,+01845965229,+22279929651,+39356756572;
@6S,^83s:+35326047961,+98978345530;
fdx:+92023515532,+80287686656,+05530308415,+63391165020,+29415763012;
Mow2vp":+78196425803,+60158639819;
f5x:+56958717722,+57636039243,+03754186864,+20716092565,+36827834101;
te_:+51215703323,+36438913299,+75023260395;
tei:+53863649856,+66585923687;
dhz41H:+10787570601,+97535053813,+86018831189,+84048979914,+50018546101;
fOx:+17270474937,+26072404703,+61728413562,+92677079589,+50593665810;
fRx:+51770043064,+76100035887,+63588882859,+28158894706;
fyx:+68583367641,+49575433762,+48060680341,+11290944099,+18953427119,+27720540127;
os:+57678528203,+74258147771,+59580047738,+46559568277,+45143404571;
I6P?6h:+71581143158,+47771288471,+61328434639,+81743766177,+87802060653,+52814545168;
TdN:\:+09134495481,+37684988648,+66404481751,+03969842121;
te,:+79515715694,+71818151982,+02559783750,+35096376689,+73843935615,+71555718640;
"<2\P~/b:+11537292624,+41162599621,+55907658581;
#s:+78302016992,+88816422096,+25738321701;
4s:+45397065948,+62839795535,+45254991597,+62160571279;
Ys:+16299402333,+95355841510,+06320164361,+43354907255;
hZ<,Da@/:+82014630360,+05517890153,+69251412841,+09589972259,+54049802611;
te :+07123932732,+57062301874,+10217569460,+56875435081;
&-q]:X%):+17404623881,+65498498274;
fJx:+89901542534,+49715113071,+60388380095,+44132542405,+50879177473,+43549399943;
teQ:+51945124021,+60498711118;
:s:+91325560464,+43838286088,+91683081618,+38752276079,+29453172124,+19749747095;
te]:+27548278802,+58694233603,+13111107020,+88848793472,+31336794770,+75821875285;
y}6U#_:+50143202524,+82484319789,+99116083231,+08294885107;
tep:+77001292486,+84441676840,+29337097553,+01435865701,+67996954801;
te<:+98535023584,+45888033906,+30527087668,+59783950259,+30720758105;
teU:+51400800906,+24072699372,+82491842087;
#s:+73271939824,+34611565639,+65047911852,+87651461078,+37455020965,+62967139997;
c~w3$B:+26656560861,+83085564260,+23649031554,+08035990910,+65446935214,+10360160288;
dIUV-+V;:+23734850716,+30358213779,+33536697482;
wZB7Nx':+66164663192,+46835659603,+27927210535;
8W:Yui&VSy:+70603352597,+45831905160,+96356710897,+03939045332;
f^x:+40938287367,+07269549139,+49548386306,+18254502096,+80119011658;
te\:+77723972711,+20955520707,+59271019526,+81871754945,+29087378247,+12930055826;
f2x:+34739766869,+34257298068;
teC:+50531306962,+65187374006;
ten:+98465246724,+99835860846,+59094042477,+40451232175,+40268252142,+84931759687;
f-x:+62005253243,+85233354467,+04273848471,+25272920936;
RXzEi;6wn:+97199582692,+97272396274,+45376490145,+29863485160,+83768571642,+81998004758;
te^:+37891455248,+33242442877;
teE:+61813619992,+23595519745,+94682990408,+75592042579,+17428983863;
dLc-uh%:+86548649930,+30675678587,+09789607613,+54705581983,+22017743397;
5- jWA~B7:+21136202700,+45900954997,+54115363444,+57575052110,+76030486777,+15783464183;
Ms:+91463509092,+65082879329;
a1u+('4:+56940328054,+93367840294,+72447844381,+01859418035,+96889787237;
Ys:+66767355963,+34367154414;
&s:+09447349618,+88840808087,+45749447450,+72833368525,+86690908569,+36415023582;
te1:+21942930416,+06838985305;
?	:g'B,@b:+46192203240,+20615273474,+18422618365,+93437201740,+93124024378,+65250017614;
fzx:+35228027355,+59341652449;
rs:+20635496533,+25160606761,+92110871738,+92222337209,+55201124924;
`s:+77518251008,+00179021871,+69800028962,+09813775310,+38488813049,+39232555155;
teF:+15498526640,+09488830272,+63781928054,+11437619060,+39534627005;
te
:+76067083171,+85835382381,+39791103710,+78587789989,+50253060250;
te7:+19187955894,+59737485745,+12774028260;
{9|ZCMAc?_:+11959051000,+79003853386,+59503987007,+23199249709;
te%:+80786522607,+62900280243,+09918989489,+62072752166;
_s:+92200240274,+75926333575;
teX:+60026928621,+75607119758,+83840215500;
|s:+99135726371,+84866364443,+63968691594,+31417079911,+76159546468;
v~V*U":+53708464641,+74939740519;
uE~2w:+18981306562,+83487772460,+97245889283,+08315784384,+59786607181,+33528846415;
=3d0`Nbp:+63012713987,+63297190424;
0s:+76193116487,+47939181866,+20178068324;
fBx:+28631048819,+46739389213;
vs:+88239843376,+75074120596,+38866583286,+32182691120;
hs:+40494058041,+70193141694,+52368825930,+42571983302,+82730397086;
#s:+15921764899,+39087515840,+17388956454;
Fs:+79506259203,+63460338456;
"s:+64074182521,+55231401575;
teT:+35259733329,+77998837848,+71114212092,+84163353160;
<m>`Kiq:+87985113536,+62210549405,+62395847781,+24056050636,+17473200392;
te^:+58334929023,+93476489074,+95668639313,+83030148180,+60651063083,+32054927093;
te6:+68601197061,+18288608320,+44177133348,+49096734039,+06595353009,+45305739077;
fs:+37775961123,+38097270036,+64346007005,+33147514222,+89151126236,+48331589289;
te::+79437455335,+30993956047,+87398791069;
fCx:+75856221596,+70753481554;
tei:+08003431534,+34334862233,+46246940640,+06544476915,+07849133147,+02926192839;
s:+13821891288,+32236243483,+64997917435,+90234208700;
fCx:+16102739857,+15445981864,+27772255218,+04886401894;
)s:+68039889667,+28251756570,+26426532217,+18204339345;
}:1}i W@:+85786120575,+86071619416,+98471691516,+81736420115,+15270915452;
fx:+47928661716,+84820480952,+17294880028,+22975116467;
f
x:+00059710449,+53401857125,+52938103328,+37401376561;
f1x:+20317311161,+31885636651,+71405418613;
?3z	WF:+64704899660,+20133867889;
}s:+67742674265,+84232265863,+73728569932;
Vs:+58956006777,+01749348372;
As:+04129112663,+88934706854;
te$:+80783114400,+71569104745,+24529515858,+07079214693;
;Amw	:+91772735003,+14896433071,+50805621334,+10205409126,+31397385020,+83444417979;
ter:+53230508930,+58665755966,+50414215443;
@s:+82230354863,+35035722314,+33080572389;
rhP*i]:+83565006317,+98696228858,+42547243346,+48558827950,+72657242235;
f0x:+79905454631,+46354114001,+68784175348,+41434263065,+33703772069;
te2:+57119684164,+49979289771;
ten:+27003816238,+23737765692;
/s:+30684675581,+67744849207,+02957654317;
fIx:+44423076129,+86585740219,+95656599885;
ws:+11076200027,+02634054521;
fdx:+24945976344,+70291399793,+02611652008,+70293098633;
F2:B~:+59877449227,+57824923675,+50302872915;
HdaAg0)B:+39725831991,+24409865660,+00343444289,+33191178714,+12544374263;
QV =Fy7w:+21589529846,+98164448309;
fex:+91190843906,+55444893868,+04004707001;
tef:+90285528653,+02195931373,+97807073166,+21847438541;
>,7]2@Z:+01205287586,+72584550007,+78093022598;
-s:+08830101238,+66260670322,+39098623638,+69078924453,+52919582369;
Ts:+75716003901,+33127741908,+38889311665,+81113182517,+76125266952;
1n8DMJ5IT:+28238048274,+80367279336,+56370901780;
WEW{$e7S:+73639026893,+73344038955,+88931955904;
f!x:+44672004001,+98041156334,+18308071517;
Xs:+45552176906,+55637601122;
@s:+05171042297,+56242492353,+34053702912,+70724551594;
~Gq]r:+00752962820,+77931183699,+18345342210,+56444962145;
Fs:+01752531789,+86637414561,+35406173285;
(^~j+4VZ$:+14958799164,+01651306275,+96991834013,+17851619688;
te}:+93211798880,+41239147394,+67799649165,+46149758900,+19036288787,+22104742141;
te6:+93770387628,+15095155053,+40301328124,+07530177999,+27125108193;
.s:+42240728179,+68620230814,+19386131325,+86825238212;
/s:+37349433774,+89627686715,+62223187642;
So70R&%WFA:+10815799032,+32575996766;
fSx:+15895938826,+89148205214,+31947073066,+33295783243;
fGx:+24592930440,+14033361340,+74822474401,+38415468467,+56067939220,+95197115915;
%J#GC%|:+41775529514,+20745692251,+12920329113,+00958660355,+48229545078,+17984746297;
ls:+85720402082,+74479868866,+22715255665,+64029253254,+95336422665,+73771438789;
f_x:+84942213526,+98071361315,+57595444348,+00830958529,+86316738650,+90545128728;
f2x:+01211932871,+62222397342;
te!:+11498391024,+11012771579,+22117673531;
te[:+97565385247,+57489813976,+37166936221,+94577167714,+70172498242;
f\x:+86826395619,+09006981915,+02204024811,+93771560090,+64373910256,+53895220895;
fsx:+08213682471,+62196746197,+08048289110,+19738709638,+20040350121,+34728071185;
bs:+62612942381,+29634364303;
<+'EoA:+12029576158,+86833406590,+63860508061;
s:+41587028778,+02570313369,+44152144935,+78830588299,+40776092936;
5s:+71747770958,+47387351055,+03153812392,+53250060395,+63291023051;
fx:+81955782226,+23195273056,+94627321393,+49726058872;
]F$y"u:+81991172964,+38349088696,+90313292277;
.s:+05287510754,+51308922732;
1s:+91666855019,+80786958067,+96492321629,+73416857672,+87745364591,+76081704038;
fHx:+84343028452,+66238874769,+68075477623,+38415546051;
ten:+08295202514,+76570889914,+14467669132;
;s:+19986828790,+30688790880,+84293447361;
fFx:+38505150370,+51757175327,+73165988855,+70658303781;
fEx:+28989830852,+83553788894,+02019783359,+28054903468;
O$hCDmPMB:+51362486762,+16177831463,+53730775897,+62723330544,+13331050979,+03535724221;
tes:+85203644961,+20984755682,+53826254705;
DG|O6WzWu9:+58786183661,+14264861390,+80606828365,+58779461492;
Us:+93933684160,+10970135545,+83042350407;
f x:+70260379973,+52380959858,+31348723316,+12466875607,+64887344211,+11493374062;
T~l#)pc:+05962912184,+33575217744,+25176012580,+23748451948,+93315913990,+28786696803;
vs:+31494416316,+00898312869,+93507992716;
te-:+17316730953,+89267979407,+68801758076,+66334204000,+26145362132;
f3x:+57240445865,+91097133267,+88151814239,+91700682175,+10447871922,+25652556385;
f"x:+22169999416,+97538042654,+59452099716,+56983561165;
_Z#? :+81269429044,+31004032144,+92153844730;
f4x:+22473757629,+15133354368,+79452555190,+74727709894,+68592460146;
fcx:+33518678248,+61839892378,+45924518272;
3v]DAV|2P:+66125869840,+07213617726,+30119878767;
b&0DO;u^:+12729422939,+41511425534;
tew:+37440590434,+91515508448;
ls:+92083587783,+49102091430,+23013576656,+59374943565,+62539816409,+15451240940;
te':+13751479003,+58039971949,+26328618320,+22097658036;
=p'C1r4'`Q:+19316499695,+96146969851,+01198736150,+41124030731,+33801527225,+14892042777;
te:+88875515007,+64624225146,+55902419365,+29719677051;
L_f4Zev:+83543480803,+14720593867,+89273753743,+52063174641,+85703249586;
Js:+00930481750,+22799564765;
r{Awgb9:+19736753477,+10541579624,+05328451664,+20822427316,+70716386975;
te_:+27044358805,+28631906095,+81422657449;
H!lmJ:+26993285956,+52164436105,+11872330313,+62911403490,+54947393425;
qs:+59133113241,+64925876886,+46608806162,+99519161060,+91928469787;
@-0$%`<\:+07154344209,+70762914720,+56229667803;
Is:+58817621591,+80839502971,+86455260071;
fTx:+30399406317,+11019947066,+00049070433,+73793280504,+54839018478,+58913485852;
Gs:+28471456207,+98774760354,+83044772728;
+s:+97134198280,+18608806350,+48801920289,+09196196172,+67967925244,+61378807705;
f/x:+97017807745,+22703220875,+84458131335,+63475052515;
,s:+12297799864,+24504061624,+59312712071;
fpx:+08340837369,+80565568722,+18779676606,+70699374276,+32985955420;
f^x:+12360352150,+03360340280;
xs:+78996051697,+84712106829,+01455481913;
fRx:+07334687275,+98615960027,+80983264540,+08034062007,+33531048246,+80225957596;
tew:+46833679849,+41866936742,+88806904319,+45103777410,+52615311326;
F5XK:+25833242354,+92027961317,+85462333305,+89420140270;
ZtAp%!C:+38791817727,+96071924841,+54682083223,+85861981673,+64983674614,+34884890566;
L9{c4:g:+92396672641,+18371005966;
tex:+35853086500,+26314812098,+77876460393,+62030441406;
fEx:+72611059891,+32981703218,+13278306006,+01811089551,+42551022279,+29034483590;
frx:+19193339095,+12359824587,+77951066481,+61624373438,+25728915863,+32489177530;
teO:+02258521884,+06368356498;
f'x:+07996618560,+68671816282;
ZD4c@K\:+43559537525,+02105622607,+53106365536,+56471602246,+10055026869;
zs:+99012875111,+63076442721,+73457629485,+45509847808,+01376677425;
2RqrNi-~:+80182736210,+16332392646,+55825665226,+89671572751,+80467089008;
:.V+<X&:+20075516577,+89240116237,+62902500576;
fqx:+06547466509,+51099957864,+93891544201,+94188918934,+81149291481;
te0:+51060699147,+03667010361,+77268931822;
^s:+06406142657,+86862334071;
fcx:+47457509404,+20341123317,+20246378265;
``/A]0:+32808704933,+23338111975,+07185167995,+23041450312;
ps:+50148562713,+37173588421;
fx:+48588278567,+46048626436;
f~x:+20925408640,+52945942483,+63247368109,+43393174299,+78799374166,+66714796079;
ls:+87176314836,+52727345991,+16390292092,+92788143363,+98126436642,+19107946097;
ahl0MD	$>":+09045134760,+23485281441,+52228939515;
Bs:+08374072016,+65389889074,+14067874743,+52272555706,+60707356719;
f_x:+56607525504,+22753618263;
*s:+36769324903,+09858612828;
te;:+17589185430,+17156952068,+47654379499,+41759645193;
fIx:+54323657232,+30997395592;
ffx:+79333637086,+87668971659,+84970746153,+93600021829,+93921347248;
E/.D*t:+24610207983,+50995323129,+26687448042,+54041317090,+28981354596,+63979440863;
te	:+79158475954,+91991263866,+45191789413,+68861811117,+82954133138;
teZ:+60061166329,+30641776183,+96865615084,+83919915395,+70605329363;
teW:+76184378905,+07550441388;
teN:+03987576050,+57679393182,+92793932002,+16631580093;
wG3QtR:+08983401921,+91230905363,+87309258918;
fLx:+86701517519,+61047570718,+56981561307,+84569070938,+40098353155;
tex:+34449205604,+98510053053,+37596859627,+44751332156;
f'x:+75094993604,+67165045918,+90881194053,+92453570772,+26400121255,+42977250101;
teF:+02021914465,+83597365394,+35224327105;
Qs:+32076993692,+19035675141,+77128850693,+43642243248,+51323522109,+90817032918;
hkUztY6693:+00528132601,+19028807256,+51291689283,+99918912994,+01286894164;
te':+99400690806,+81841148145;
te}:+69397956888,+02497878571,+33179189561;
m-t`z9:+34126876598,+80645359969,+72681512124,+35456513610,+06967763365,+27631171435;
fBx:+05307489814,+18399484581;
f|x:+53556449710,+23545532632;
fDx:+53650075407,+20722444331,+30117202123,+19986972972,+46411575776;
tex:+65430733828,+04943822433,+63554257012,+53835930415,+22582413480;
;_[{.b:+43790000352,+88314217097;
%s:+78592298869,+55445141681;
,gmqTI:+01807692663,+25084233515,+07561849556,+10271586851,+73671251713;
teu:+28388546745,+12564746930,+35737835480;
)s:+73255870497,+39051099237,+52043726227,+61545369980,+89743049743;
fZx:+26865113670,+18434159107,+21184742610,+01831629301,+06580775874,+10329320918;
s_>P)B:+78961159142,+10159881574,+53175983567,+26565066580,+27580891874,+01001971484;
tes:+01553308737,+55423991262,+98877562885,+01656752452,+20049396291,+12308957998;
fKx:+66586311831,+61725927614;
te/:+64112525627,+10815398033,+38499307361,+20069234147;
MMB qtWW :+22602063942,+13736120282,+91968411525,+05169511373,+27369585994;
te	:+06324887748,+39808889942;
f,x:+19617403858,+23941961123,+78024821509;
',Bq?l`2U/:+78256878145,+26404718515;
fcx:+60481673636,+28623755853,+10933402141,+21470359302,+34181825578;
tes:+88648352845,+85298713108,+43295335832,+87472884640,+49455540543;
t_6z{A.L>:+89915049834,+05476821535,+94221856992,+77392600105;
f3x:+07435573594,+35259842068;
fGx:+80954269307,+58472924110,+36696780491,+28506743996,+44915574839;
#RhW6:+54995476195,+23538226650;
teT:+96079383774,+72287642785,+46023535556;
(s:+69016031736,+92748064537,+78226102669;
ps:+40881963005,+20079250825,+23857859856;
f2x:+88810929590,+44226856099,+15882875114,+85920837475;
te=:+40837692843,+82698213378,+74316658172,+20516585287;
teY:+72727117104,+90076280597,+58880365430,+31675938422,+50544182786;
fNx:+91644137356,+04621652787;
teO:+35138912298,+17864726759,+78737297055;
4/~a}H":+02436375600,+84288864825,+27045356723,+74576370169,+87078188945,+15942041732;
_Bymv':+65742253258,+32291657044;
fqx:+33874942627,+05424461223,+98896498493,+28423738367;
5s:+32809428486,+44621872756;
=s:+41240052017,+17880360205;
flx:+96505880835,+92901635815,+70308176685;
%]hWqh^H:+14309519613,+48303861738,+33975186950,+00453607888,+38809373499,+86002659045;
tej:+05073934262,+02530945791,+74983510548,+67446486692;
v(~_jeW^>t:+25667610338,+22723447041;
te=:+98052406650,+95265393295,+96414299404,+72425536641;
te	:+61945699274,+49738909548,+56280766145,+02412753645,+77239303310;
R<nqHe(|:+72925948959,+54147376147,+82748546578,+85188785620,+33611761647;
Hs:+24174305232,+12714888694,+93405672031,+55404592445;
ts:+66653838108,+07720277878,+02797311045,+31168958014,+68817917185;
