fax:+02200798472,+97906579207,+54136349030,+64216143786;
sms:+16992865456,+99064006074,+11110801902,+71195235566;
sms:+65943918095,+19297918943,+91354035557,+36459581471;
tel:+55499896506,+89474957751,+93414478192;
fax:+06466193983,+39538002908,+39684675380,+16579806800;
tel:+38793416140,+28830222586,+15145110666;
sms:+70016533725,+57906771599,+56910303481,+25514446414;
fax:+26296251223,+45554603564,+00427960807,+41440302612,+59683827676;
sms:+15966088158,+78537520112,+15109552321;
tel:+60298094080,+30609403541,+61481140779,+71407509176;
fax:+57589032842,+83232597020,+90489430553;
fax:+58916426266,+06271248915;
sms:+91292476167,+18261501066;
sms:+51953819791,+66843176818,+38324764735,+57884154332,+55489121648,+71529028197;
sms:+31199154790,+02866673967,+04501712948,+14560332065;
sms:+48062574670,+14812618369,+51226748982,+51983768030,+64267369162,+08100679156;
sms:+73874491310,+49496148517,+48079932590,+08821868894,+85510833888,+81544779676;
tel:+10362243684,+31408817700,+32296243800,+79205424300,+21936849307,+70374069483;
fax:+82779005623,+62387793546,+78924391144,+10538767482;
fax:+90647983830,+51990028283,+18331604446,+47002314812;
sms:+43750820323,+67685609751;
sms:+82733721339,+23380838330,+69414141151,+38533020541,+95763939403;
fax:+98233465390,+67789245190,+12561948174,+76959452619,+27276808303,+12451068182;
sms:+70989290517,+18737100644,+32298779297;
tel:+45636934644,+30002540330,+47113586302,+18008748508;
fax:+60617394357,+41429105156,+35850649288;
tel:+43348126362,+83545335341,+13934595401,+26783097478,+91642408185,+98489502495;
sms:+46148537676,+29403354602,+45995913103,+37958705657,+62044497382,+32597129332;
sms:+01744994265,+10004573183,+60513801059,+99899172136,+68451549680;
fax:+72854363174,+09331876232,+17655203811,+88410122610,+71707239686;
tel:+68394121698,+50403655620,+95202080568,+34360745709,+94649056050;
tel:+33938932920,+71029770525,+36904120607,+28904752895;
tel:+44466809924,+94889588127,+18659147073;
tel:+65810095571,+15305074341,+94069536370;
sms:+63569200090,+14023783634,+32185275652,+40902315523,+40606424524,+24515604887;
tel:+16730645391,+75425799408,+31672263849,+50562045322,+64562936567,+96489482459;
tel:+79517353160,+91058135980,+35118974586,+21344087741,+64277265270;
tel:+62501769316,+71786999309,+39168835064,+35233743935,+72907899492,+89945357732;
sms:+97211021938,+07215030999,+88288988348,+66363547332,+85408546407,+79610223356;
tel:+40656093521,+32753593176;
fax:+99123226831,+22980977817;
tel:+67554618565,+93076760621,+74054678036,+63549503280,+34796638607;
sms:+28832606778,+01601463665,+56288609248,+02623589411,+13175251320,+56618837878;
tel:+73120975286,+24745771832,+81421083004,+39717375666,+28154422387,+51207207356;
sms:+20008432412,+75204917119,+29933425116,+00126554179,+51431755725,+69314336963;
sms:+51636557037,+67374641421;
sms:+97712273761,+76238934930,+73339718256,+15096109458,+58911148316,+72846418439;
sms:+37349728541,+66153044177,+37023246782,+68429811083,+40248569447,+61462685511;
tel:+60075001245,+38871741326;
tel:+12676839493,+64786710590,+96994896866,+00089928819;
sms:+85706342572,+17805024825,+08813646035;
fax:+84967065295,+78642131785;
tel:+64300950480,+80141521981,+08070510712,+42400874751,+60017744058;
fax:+38499006099,+93369747799,+94702214487,+47924645870,+60304580766,+94822877047;
sms:+15527202921,+18594755970,+79650015952,+80702215645;
tel:+98040723296,+70071377391,+30171717751,+25798544190,+96109409633,+09597209127;
fax:+93892972684,+47649212427;
sms:+08368935483,+27629060912,+55690742360;
tel:+51904848470,+10785472813,+18601387971,+53332892944;
fax:+85687246152,+87256461396,+14595526431;
tel:+78595032858,+04192097651;
sms:+29760240089,+01438118798,+80625351349,+31751383757,+92586776964;
tel:+82528837026,+92088702809;
fax:+02947006478,+30394502617,+02061226406,+93486524688;
sms:+85335940017,+45792638456,+44573204217,+12233286899;
tel:+77058633755,+04991968571;
fax:+94507320545,+97554103519,+81947603513,+45868819023,+90604979248,+38149895232;
sms:+81399032303,+81924551161,+40388930734,+68843276597,+53182044533,+55960211070;
fax:+45369109622,+28752571334,+40630067902;
fax:+70969434934,+26437941498,+63498997072,+44780165888;
tel:+01172952389,+96540799497,+19860765108,+51053169990,+76630801958;
sms:+55127538617,+85074710522;
fax:+08146889312,+88042924351,+12810959130,+91923642383,+02672818599;
fax:+05387577935,+43049028675,+08599491793,+71538889331;
tel:+49172201605,+48279535141,+09273262372,+73913628501;
fax:+97913180029,+40007681790,+49388143311,+12785813670,+13979571266,+56112486951;
sms:+48585554647,+19464245063,+06213615232,+26018600666;
fax:+50468876304,+50668043786,+60007409018,+43899061719,+88911165447;
tel:+04526053426,+91442290103,+00144772036,+52366920686,+65931008634;
tel:+03368800317,+89224898605,+72131807116;
tel:+36451150274,+73124567534;
tel:+96204133474,+28450387269;
sms:+37350763718,+51581365612,+89018479060,+28976355550,+02658629004;
fax:+32140996543,+32228501726,+84416918393,+75658981583,+68966866908,+88827720868;
sms:+65991524753,+93901297791,+16801233799,+80248578161;
sms:+84612659143,+15652177801;
tel:+68133952090,+58776761052,+22217533143,+45157199423,+28457225159;
sms:+84951266153,+72480000741,+20782802962,+34357364445,+85257841402,+73919146423;
tel:+14181915344,+39153958399,+83662463885,+12046630984;
fax:+71561081494,+85661432707,+85905899462,+24028043221;
fax:+65428027913,+81393774955,+21920531828,+00207692657,+64758775295;
sms:+62114667147,+92803355325,+28476015770,+66121395590;
sms:+05161685177,+65277813433,+81496089615,+12689824054,+13503584923;
sms:+25308265257,+03551176295,+33242104660,+81441140694,+62722316338;
tel:+82825134907,+68367527286;
sms:+07428020237,+61843320459,+69938320770,+44680023948;
tel:+85976822930,+36289416793,+83135085966;
tel:+96185355182,+94861327624,+18061224435,+92875612790,+07695959002,+09883346935;
tel:+03957075837,+50711522348,+58029211476,+22449748635;
tel:+62638253131,+09578419779;
fax:+05085807885,+03091717862,+67209720493,+58695513463;
tel:+55942437180,+71466851863;
fax:+54880813701,+45667038845,+89080554756,+37156798679,+97864417507;
sms:+48996548106,+76694472462;
sms:+39279023235,+98583297643,+61758175980;
tel:+10888405627,+49299869487,+86188560088,+25861844560,+01257867353;
fax:+94290330236,+79522111702,+67493585713,+53894050884,+84693099397,+82491982072;
fax:+68786749381,+97871508935,+34895322466,+18317290890,+56895815158;
tel:+00179189722,+18896118387,+81597102575;
fax:+56177487069,+64909710713,+51668977694,+85149934267,+38627375466,+47256329802;
fax:+33037125307,+61551767705,+06304082132;
fax:+69775688008,+55455250433,+92204390400;
fax:+09090208056,+42749513927,+44997581536,+44630024662;
fax:+95770164609,+10529989114,+98802495651,+86858600592,+38994234709;
sms:+23855750205,+30937423184,+68377445138,+33644784150;
sms:+34485336967,+17853916317,+93791579124,+04889809947,+61587044773;
tel:+60786262988,+65815420839;
tel:+81875779803,+89336813713,+89747281241,+78249598085;
fax:+62413306590,+64138262145;
fax:+68466706671,+19791520991,+55518075324,+16604458909,+91787127277;
fax:+18938884131,+20112156486,+56693320117,+19914828968;
fax:+54868039151,+68910867464,+31120291984,+69037540140,+79006008430;
fax:+54568935227,+52117860945,+63515209471,+03919740874,+60163131572,+84061915013;
sms:+97805797447,+12021971292,+28154736795,+61181244492;
tel:+73080722220,+91014914602;
sms:+49768282823,+36566604164,+46676457460,+73728644194,+37080650389;
sms:+77662876691,+40247850675,+58602283492,+26292441150;
fax:+36560546932,+56233157358,+82603942903;
sms:+68063674149,+59896017209;
fax:+27443684381,+42894992828,+80069849300;
fax:+06578520930,+47065531523,+53040879270,+99058908332,+57397493953,+48405307825;
fax:+99403962447,+12557780268,+38581180874,+93747488936,+91209071293;
sms:+40606199185,+51389833116;
fax:+90129624369,+84485044549,+90356094486,+23943241025;
fax:+38663512291,+94059900421,+08229979112;
tel:+20902949934,+99225033368,+05745243089,+96666344794,+53466615893;
sms:+27217091841,+25206636472,+35703627042,+55531592144;
fax:+19307041148,+98701569031,+91732512470,+67346989729;
fax:+03518794770,+00815049598,+58034222961,+15006219697;
sms:+53410095439,+03411414474,+44742667159,+82688793430,+32696255976;
sms:+43621584109,+55553165927;
tel:+33596837116,+18732893165;
tel:+42445037814,+34803799722;
tel:+33001705621,+16656487953,+50084241963,+31399826362,+55970378299,+79128087109;
tel:+70726601870,+69400517795,+31352155109;
fax:+14916842559,+90154037258,+09372012564,+04800312897,+51206279414,+68795080610;
sms:+28693737978,+57611953672,+41087382844,+59667331110;
sms:+96635633061,+46692153674,+38601257177,+45952291359;
sms:+76682913370,+17542009518,+06734704307,+31034199041,+39942051727;
fax:+20652783859,+06102166687,+07935206786,+92287690946,+55816215986,+26221539923;
tel:+78882895426,+26905160862,+93590438044,+66159710457,+05623114469,+96957498829;
fax:+50656418376,+45736746400,+11621559321,+51210787884,+27957176564;
fax:+04949679564,+92504808744,+87937281599,+47371537912,+43528773302;
sms:+41113097482,+19262610534,+58139474352,+69553771864,+09312606789,+40613841300;
tel:+88853252595,+71673001838;
tel:+18063774459,+42429706970,+87892901105,+36521186203,+27617101488,+16622751339;
fax:+79124024228,+47985519881,+52863207891,+71858288656,+83326105935;
sms:+10576741846,+04831912316;
sms:+37756435733,+13270275382;
sms:+43073280923,+33335443372,+74301603483,+12023356545,+55753360108;
sms:+14896459413,+92664346767,+95069066660;
tel:+23637329367,+15228584831,+41003930497;
sms:+55342113742,+18668061996,+63745611732,+69729171346,+05573374540,+91391858525;
sms:+84596259381,+06975286765;
fax:+23700677839,+54046260875,+06252610498,+68024424316,+59746976428,+10495748024;
sms:+62118510748,+40166082668;
tel:+31511551993,+71819531156,+90191600712,+69008228397,+03363489578,+55308639442;
sms:+42569180467,+36673343482,+89529060674,+49340208409,+13622148616;
fax:+64647739998,+31298631223,+23186947581,+28252148678,+24603967344;
fax:+41128060633,+10992529402,+95753701634,+69567958478,+98398058536;
fax:+81268687233,+24941817332,+27100761247,+91533400685;
fax:+35268151618,+62252120007;
fax:+48178474742,+35332094479;
fax:+22131996491,+07874902700,+70293183144,+25480355892,+14745298110,+70401349700;
tel:+12240815345,+40335845457,+00973914820;
sms:+92841397394,+16337282997,+52123555723,+27173035356;
fax:+34703014480,+95283124421;
sms:+58091422950,+29575047866,+78167010867,+16191277662,+43172308095;
sms:+74955027156,+51953306323;
sms:+09156062249,+92130616158;
tel:+93092501602,+11971585326,+46811270580,+77032957569,+40065166417,+74893198570;
sms:+39412358506,+50450485299,+46326835794;
fax:+34634014193,+32268576697,+10433752456,+57533159400;
sms:+08121551248,+39359051082,+97910942327;
sms:+91866958116,+74389991066,+30653046511;
sms:+19164533579,+20837090479,+67256833959,+40125851696,+35553109689;
sms:+53238208234,+53376232379,+82516829762,+65084198943;
fax:+74757678896,+37881773423,+33114678897,+30974806110;
sms:+83023465013,+71123851896;
tel:+53974133338,+09731608204,+61055552051,+07159054065,+14223115609,+71609913568;
sms:+21816984237,+65411679744,+32113318583,+46289565267;
tel:+81012782280,+96464400222,+42619852340,+34772541278,+91786463811,+29186850502;
tel:+66893974266,+89470112767,+20274308435,+37286703405;
tel:+26334257080,+49098122948,+40625342435,+28974826799;
sms:+65727054833,+87497655854;
sms:+80492828210,+70898934236,+96177883867,+16787547549,+67263766595,+31955783935;
sms:+19684941973,+82265305536,+00855209709,+74875157900;
sms:+51319969457,+39344371893,+50028364323,+55048392121;
sms:+57606388237,+90227176761,+30205600755,+52166342676,+60568768358;
fax:+34557658780,+44216745799;
tel:+97668608594,+03342177162,+18173647965;
fax:+01714850346,+00435431854,+97630811846;
fax:+47389095824,+21530702040,+25859229980,+66204393950,+40845732997;
fax:+69977805994,+85575490654,+54892031326,+60177217265,+76895328302;
sms:+38685115595,+34409042298,+70166730190,+95584957412;
sms:+69513544012,+66786791267,+05123232752,+97750249700,+99148265885,+43488375700;
tel:+91083515814,+10699458125;
sms:+43882875065,+71187664480,+67309754154,+58660259409,+26116489468,+03010626339;
sms:+34163390719,+31975742621;
tel:+29208219457,+46687106617,+30656865610,+77338095011,+02217591365,+56709952762;
tel:+52701976272,+74257576766;
sms:+52959856495,+86429644633,+53464934998,+64742971132,+83981444316,+03397060070;
sms:+79105677935,+08154817289,+51508873836;
tel:+59974052887,+81050222918;
tel:+67283349692,+16145727449,+71386369768,+03889552902,+83097947688,+78503985403;
tel:+50999033368,+24183885062,+41097440312,+22489071538,+48701900398;
fax:+11845039245,+97343427555,+65975718314,+39793141776,+01462972399,+25156770640;
tel:+11072742833,+73958526375,+47276140373;
sms:+33045687407,+25086888634;
sms:+82967824312,+62427037000,+07290700569,+63035637541,+66348390938;
sms:+43486299404,+72540877355,+80151729531,+12825062238,+84827189419;
sms:+39715452935,+23754576200,+48122361783;
sms:+91631703299,+23600426131,+13117937589,+69460278323,+65841304309,+31803053523;
fax:+39599918325,+16217871417,+34372184750,+01086571414,+43660405925;
fax:+73757035394,+85495532202,+38857862694,+03583806886,+29005265222,+73947542368;
fax:+18248056815,+06716945518,+27278495023;
tel:+58769251282,+84323813003,+35495091832,+58221261743;
sms:+02840663048,+68680141740,+09576108580;
tel:+89662884790,+08371560057,+57506674007,+67281803571,+42209651045;
tel:+61027330034,+59178221445,+09512357843;
sms:+08331514301,+52144962053,+50534132221,+41273884597,+44745397876,+67684443063;
tel:+81379268196,+09822598368,+58912086355,+17015564036,+32693896888,+77194597750;
tel:+52913475881,+83742707809,+28923829865,+49415450923;
fax:+99679801503,+06160701673,+56470984859;
fax:+30514928871,+65698375667,+03771963331,+28841941913,+21699975525;
tel:+75352572298,+79472517858,+68892154716,+32723681673;
tel:+33460129364,+67608850731,+02991949282;
sms:+79457241553,+59478798623;
tel:+81467474579,+82558547039;
tel:+37172764455,+99647854419,+74549427906,+68865131598;
tel:+15602590016,+10435030697,+72506170557;
tel:+79359502585,+77357722929,+15885020886,+43072473133,+49456601970,+68119517141;
sms:+44441192293,+21962574750;
fax:+85397679268,+72962467387,+86314849969,+23121249337,+02467760577,+58118789059;
fax:+72850676278,+94994391761,+38256137541,+64199155775,+05832437802;
fax:+96620575021,+33194516067,+95399255000,+67550063446,+66436536975;
fax:+31572700435,+23306480057,+96017538470;
sms:+50969527134,+87384848956,+88417243915,+04027819331,+75169613901,+59981184151;
sms:+44538863588,+92103416200,+36543431736,+04858817912,+60520364247;
sms:+64881892694,+24633457411,+91891149170,+59456306201,+68717995412;
tel:+38931233654,+88443713802,+77035529244,+43572547123,+39161575249;
tel:+23232827585,+86853205194,+38010686932,+71433957945;
sms:+65656028216,+75289147024,+00768513110,+13398669590,+88549787821;
tel:+45335210054,+97576950378;
sms:+68601817448,+44274375354,+71176250800,+75991828085;
fax:+09922229270,+68751682131,+19763587566,+54042273430,+78400415358;
tel:+06782766156,+56885049892,+74435199051,+45877464484,+01507479830;
tel:+19857132783,+70524794706,+07421029861;
fax:+97809162772,+99706276629,+07964915965,+51672596664,+42804066241,+72321084841;
tel:+59253826695,+97026125708,+81055399437;
fax:+20530434590,+86123809069,+63427532515,+78221161048,+43741321051,+52012184234;
fax:+89770968162,+59013511094,+67824800567;
sms:+55882037210,+48383451830,+54825743849;
tel:+61055849004,+83047717360,+72739081168;
tel:+60708073041,+91928192479,+14135140014,+21941877923,+91812879976,+97177688536;
fax:+05454191960,+17505189290,+12639283256;
fax:+43897363247,+60025849341;
sms:+79759222750,+67830560538,+88157754387,+64904758690;
tel:+82858611642,+57947296814,+11850587568;
tel:+09839002145,+13946759631,+22443532867,+89082443430,+74426430925;
sms:+31256627365,+07256975498;
tel:+42541578330,+16045119369,+63351840220,+84544927833;
tel:+34291735022,+50999941568,+52326454459,+28985396763,+09568282434;
tel:+59752719521,+79722741707,+10325124209,+68661002897,+65508724050,+75842416358;
sms:+81572801635,+56667825362,+74212947917;
tel:+36495243194,+97198729801,+46117101618,+65730494320,+24987449181,+88101919123;
tel:+19364693717,+06672064660;
tel:+14166108267,+12648147718,+50406031498,+64725429809;
sms:+86667444608,+34215865098,+02079466195;
tel:+01595599406,+31086027314,+28144558355,+23716268185,+54522026160;
sms:+75711177665,+64489557135,+07914221146,+01846652965,+03893020676,+55336335738;
fax:+56139673938,+81684470334,+66672531380,+80363664285;
tel:+26425778343,+19468916742,+93002078315;
fax:+39296557155,+02517631631,+02052072437;
tel:+31273718654,+39578336792,+44667229245,+94072421206,+66553134630;
tel:+07769832843,+09678643074,+78552739446,+21092847843;
fax:+86336512759,+11484958850,+38058226284,+58820897723,+82488715515,+16998556413;
sms:+12497999852,+32598552813,+00918981612;
fax:+58541267065,+70807363432,+81072211200;
tel:+77519196323,+71200772001,+01997252919;
sms:+55660505806,+17135496304,+42461037947;
sms:+82259279167,+17124924065,+28420011035,+32805499765,+40040100094;
fax:+97249414618,+82331255609,+95450904993,+34949986514,+86856856714;
fax:+84979969892,+56248489020,+87999731245;
tel:+65177252912,+00278284300,+45368140088,+99466357410,+93026737159;
tel:+33262504355,+81632402429;
tel:+29569147701,+89276129572,+93569509800,+88394242106,+45583546902,+90999689884;
fax:+33385131849,+16280582926,+78030638727,+56475805882;
fax:+46425416754,+15269605165,+92667843963,+83625153429,+55846343707;
sms:+27221976678,+00873386019,+64729346492,+59932470630,+92872010733;
tel:+15711421485,+13807257700,+11988559042;
fax:+46786023617,+74824810800,+48342004983;
fax:+42655213966,+44038337738;
tel:+28383684645,+44899314631;
tel:+03002752053,+29027037879,+59213694113,+65093719557,+02453492767;
sms:+36598569502,+52354220584,+06831131952,+39003652125,+56635425270,+48173157001;
fax:+37607170428,+65008564761,+73207867367,+27050976446;
sms:+22981043623,+86861212528,+81994684459,+71690775985,+20821529402;
sms:+04988561121,+60259591570,+70937337956,+52047777819,+07876276934;
sms:+43106717460,+39032011687;
fax:+85672870700,+00096484100,+83203046749,+26633690040,+97943157937;
fax:+25841447347,+53751137636;
fax:+50220824274,+25509085742;
sms:+43481667043,+92934091150,+45112408315;
fax:+19043403689,+93126396524;
sms:+36264661449,+30744551707,+24485442563,+32105995392,+28009772063,+18717442388;
sms:+15281009942,+97437019536;
tel:+60416508504,+91050179934,+59436186504,+32249766225,+16882444069;
fax:+12723454190,+68938336775;
fax:+18160464142,+67262200548,+98470597361;
tel:+22938006586,+22084406257,+70808396010,+52051031071,+53419684621;
fax:+47708017618,+48673380329,+92324942819,+08470005697,+27901921240;
fax:+48440852852,+50261458724,+92245656093,+48968718119,+40778729919,+10834210695;
tel:+37740640235,+98204795246,+87699420152,+35351758462,+04534988676,+66137715152;
sms:+85748688623,+65386477342;
tel:+07348209068,+93877450716,+22869960713,+90260620425,+29935585369,+34617662620;
fax:+70030056399,+71924335982,+81976532077,+05942471723,+39866608940,+77702795745;
tel:+05810327294,+83844805259,+56818011879,+93285776200,+92655043129,+39890026430;
tel:+53170028026,+44835816381,+58365225931,+74739264328,+38460893527;
sms:+54866931513,+26704146554,+84420826307,+86462589890,+27953981656,+28145367115;
fax:+33670163104,+57986058574,+16701465393,+25024396512,+04922241956,+97859024847;
fax:+68168777522,+44570691819;
fax:+06514772699,+69155142878;
tel:+39008356786,+59646045530,+82275936748,+72494701238,+86539834340;
fax:+49923923293,+47193449743,+42542806814,+55785421146,+48560587907,+62981955137;
fax:+72806737887,+51876365132;
fax:+97065852214,+43224263138,+66528031402,+44866848007;
fax:+99305816866,+02838976935,+69944746789,+14311416779;
sms:+82150371996,+21341813897,+24543605260;
fax:+67785540811,+62100778299,+91894544182,+55339843391;
tel:+60357742095,+84225289393,+56887911415,+44133519223,+05779388528;
sms:+16353673796,+80274954245;
sms:+59066898025,+98036282602,+39562655929,+45918262564,+29531248807,+75707611873;
fax:+32271874035,+59073371447,+31784616917;
fax:+98926896647,+94721221938,+69481611387,+67840971683;
sms:+93563284518,+18074735885,+66939834989;
tel:+75131262001,+72609751480,+21034346205;
sms:+33478774550,+41847452643;
sms:+45699089623,+79602234494,+43320972507,+12414559917;
sms:+10133098627,+64504252364,+15893764053,+45450417914,+13805435756,+21635150271;
fax:+88939416582,+36490652372,+61601894665,+43217295014,+76232229071,+72676309548;
tel:+94963094972,+13482622796,+56207796204,+69117676315;
tel:+89225682202,+42500322297,+60171922580,+50663221501;
sms:+55635124915,+90353819366,+50962836832;
sms:+47286615714,+31052202163,+75765172975,+26302801155,+35935071750;
sms:+30174275281,+42982899969,+73447302257;
fax:+16989804682,+70581367724;
sms:+98348513262,+68467285839,+98669750348,+96109629522,+23889661747,+09882268084;
tel:+52024136358,+10243178561,+53632155037,+78920397370,+11954703634,+88321480397;
fax:+79951373674,+22961596361,+46312169576,+04223558617,+95397495258;
sms:+50051550157,+39053176168;
sms:+38187494806,+90412228133,+41124153900;
fax:+43787753015,+97147009520,+33618379948,+38352708032;
sms:+71879708979,+43369951198,+65592186341,+63837810301,+95277331157,+87093630504;
tel:+64574471315,+81346863291;
tel:+22599671528,+64561929579;
sms:+85324652600,+01067282022,+33633788027;
tel:+88228680100,+86414295404,+11635607628,+93632884181,+41189621266;
sms:+66995646482,+11616901850,+27896183143;
fax:+49565132711,+32641599552,+63684732353,+68392089952;
fax:+22361440376,+58574841558;
tel:+24995519629,+56698100321,+46584007839,+22984779188;
fax:+19443186307,+61433492489,+08561425060,+01195344632,+63069251704;
tel:+18366201458,+45645418274,+49429637463;
sms:+49074994438,+22287388367,+49071613194,+67841879385;
sms:+31349803387,+91370917133,+96422200121,+46029664405,+26379933849,+76843072543;
sms:+07928757854,+02107056490,+84131196007;
tel:+40375538480,+78870308310,+79041293553;
tel:+80807832009,+16673840054,+72060999798,+06123602644,+09341006922,+36482670070;
sms:+82492092268,+32639248645,+16185274385,+84564071271,+51992086781,+83363800124;
tel:+15245255503,+38567104750,+67416018529;
sms:+83703085843,+07650690015,+61394813510,+77283421115,+49402034337,+90501368449;
sms:+50915740848,+86866397148;
fax:+88438582749,+62226370723,+15899103248;
tel:+63698248046,+82972911838,+06490306537,+89140461823;
fax:+51744084246,+86343800571,+66336609303,+37648554953;
tel:+52038318939,+52243514548,+57414001981,+97256791042;
sms:+82538863915,+62373902634,+69947753256,+69603830421,+19049895457,+05672036100;
sms:+22547086261,+30912095964,+09576800761,+06345685131,+60469473811;
sms:+18183781748,+68931236467;
fax:+56162561185,+36378192763,+88024069484;
tel:+41143475120,+07192825852,+04678524995,+85414767260;
fax:+62095560031,+77342140942,+55742290574,+36217218946,+60533467858;
fax:+07069603488,+70006743578,+92766010981,+72791105665,+96730626285,+30644030733;
tel:+37808793767,+09313613058,+87578267672,+08731789190,+52866777478;
tel:+56768101156,+93314454482,+86530358497,+04504807796;
tel:+34253562054,+99651197940,+11487338437,+86121954740,+99512076180;
sms:+90014723906,+88916725622;
fax:+70032697972,+08082365881;
fax:+81870859300,+16252032397,+21114137747;
fax:+73685821921,+71924605750,+90133932834,+33738470644,+41391234505;
fax:+49336720609,+33203597258,+42361015657,+15413059415;
fax:+43394297488,+22932108660,+75905428982,+37674044821,+87810397969;
tel:+79326543159,+35453032729,+02121160237,+22777952996,+23300725506,+07731386275;
sms:+63151556074,+38857278094,+12206993153,+92943769472,+60159003376,+44128224658;
tel:+13505471248,+10110075667,+89939069200,+88426767070,+94026471806,+74694989260;
tel:+34818037680,+59238646122,+39764525093,+77862747476,+08748982077;
tel:+05230904240,+11534817770,+42693441370,+54144525768,+80200267403;
tel:+55894661595,+58686415347,+80411744777,+82964114687,+01072150705;
tel:+78517090598,+43829904902,+71408449642,+21480710648,+54140701427;
sms:+84104560389,+89045513595;
fax:+23282693976,+64869988885,+80360578706,+90854900697;
tel:+42760636679,+64299567390,+35611385253;
fax:+03509749799,+06543854353,+92239446514,+74067149716,+38866165714;
tel:+45585997198,+88531184965;
fax:+90227495365,+09008892335,+41833545045,+05878757816,+80720180912;
fax:+04853527402,+91453198546,+07814952324,+16303879553,+73108998409;
sms:+45599616606,+06265216303,+08789736584,+81807412515,+25534279126,+67622532612;
tel:+43535229161,+68215478364,+16240366345,+05154211133;
tel:+75115046549,+12593855838,+82927108997;
tel:+78095796716,+08066198599,+61073568013,+01231867033,+12847087894;
tel:+87759478791,+82066678190,+76717860141,+32968289098,+18190279493;
sms:+85991142728,+79428541937,+61434552008,+79824459103,+67770821141,+43775527254;
fax:+38905059921,+91877007736,+36870013240,+52653359162;
sms:+75389787464,+76465985316,+26825424712,+43708558501;
fax:+74027641087,+99189968398;
tel:+24416972895,+66771034158,+27808902635,+94877998068;
fax:+02805715215,+19584158544,+43446543169,+79845864062,+86399717563,+29883557790;
sms:+48869102938,+04768145523,+68342843478;
sms:+70456493383,+00778581023,+09281379213;
tel:+27654252990,+30326939968,+73983065984,+12474613107;
fax:+02410000669,+69077045822;
tel:+28535579481,+18985796428,+15885892595;
fax:+06779321747,+03665457593,+26488486483,+05879039566,+48430579757,+23553457961;
fax:+50265725932,+53643769507,+30516555360,+42354747096,+01998525176;
sms:+72023077315,+82902854167,+24379533842,+05794602373,+88142488086,+34090680932;
fax:+91290025392,+84721329923,+26494898051,+94999896022;
sms:+09940557184,+68582145104,+92988470988;
fax:+57577684947,+54390763109,+88616884493,+20148940703,+80068234820,+03974234326;
fax:+93135226870,+63376042404,+98670477812,+73366174916;
fax:+56270976669,+29536589875,+55470888800,+78177432722,+09830625583,+03366867029;
tel:+00509151383,+66604493798,+76835557386,+01363450814,+05233551183,+39981479713;
fax:+14097221621,+62517095255,+30262036119;
tel:+26205708846,+38772282821;
sms:+61969454385,+45040538519,+01357908936;
fax:+63074959157,+12223952120;
fax:+34802618512,+40886969134,+45087270068,+26310361466,+59589091695;
tel:+76751725837,+02341587636;
tel:+53667349701,+95115409445,+13698637154,+90730590686,+16526240977;
sms:+21771881245,+04350235345,+54969824398;
sms:+01360037033,+39500475034,+19928405367,+93433989347,+28743564903;
fax:+51007947780,+13278388435,+28063186245,+87555944082,+89263608880,+12596725018;
sms:+85974194865,+93710232989,+43487860735,+32935680735,+35445840629,+68169979682;
tel:+23937577466,+63485518231,+36692744422,+42768771474;
sms:+06983004192,+21894119482;
tel:+81148531556,+23925487347,+08679212377,+98471871480;
sms:+80588377445,+57817702409;
tel:+83876349030,+81783138647,+21525679243,+03700810116,+35154041031;
sms:+24273705253,+07436703963;
tel:+58140419593,+47437479131,+29525691331,+61941632003;
tel:+69118502302,+51640260588,+46710584135,+42033265962;
fax:+59778192752,+87552509993,+65049898387,+87691348258,+85082569036;
tel:+99927904553,+09444977518,+55023913036,+17199521352,+58794289159;
tel:+60839199706,+01096094919,+57487497559,+90208878314,+45942340993;
fax:+25324763210,+16255269087,+68130373416,+48535515904,+81839178444;
sms:+44298862941,+99789957966;
fax:+02121166968,+24917539332;
tel:+13590584423,+83930579749,+29552744840,+79955274099;
fax:+88757656759,+98330272764;
sms:+03127730687,+72868754311,+83627010923,+83560591165;
sms:+38963148813,+07873179920,+04158392543,+61414727522;
sms:+85147732164,+56647848030,+58726506829,+14987601924,+38514988535,+40727669073;
fax:+85435531093,+59555598929,+55994357653,+77781684522,+03170575164,+02542826903;
tel:+53540896369,+17331930611,+87689219199;
tel:+38952553270,+18649325028;
sms:+13332562651,+85692749926,+75022753175,+94036342902;
tel:+42754759127,+61570620854;
tel:+53908328022,+83474949691,+14389227792,+73460615730,+92768979372,+16443624326;
sms:+52560797483,+89263146818,+17210674346;
fax:+56956765324,+45885653346,+06611656096,+48815267928;
sms:+70724685719,+95896782509;
sms:+96740564049,+84522960819;
fax:+73110351346,+68277551445,+36901486664;
fax:+17729730219,+47077491229,+75286329886,+11482246620,+12629672736,+09971463845;
tel:+23285784155,+52115231814,+87092797823,+47246630375;
tel:+44764743222,+31644484590,+85598957380;
sms:+66781098699,+70057842535,+76774544194;
sms:+15414135211,+05256214154,+17024210966,+85910545639;
sms:+20125023452,+34598694222,+26845848072;
sms:+25881031959,+00539730669,+05507044369,+96754643332,+51088757532;
fax:+16442278812,+30990079808,+94798794870,+94978513638,+61168594004,+32573846436;
fax:+44064316256,+41262879432,+84690570305,+39435980770;
sms:+76677329309,+44725060943,+68754799125,+74465399229;
tel:+33946064208,+06438236593,+76370717607,+61905588015,+55003163900,+56255195296;
sms:+75245554512,+30373064893;
sms:+21740066963,+98066915261,+01431680790,+40718845376;
fax:+74575550086,+61680635960;
sms:+78721483068,+13417101045;
sms:+14783159027,+85255693400,+89214679900,+28384078831;
tel:+92539261039,+93351431667,+35212388640,+33564838128,+13570688509,+90446844940;
sms:+87965300439,+67942757791,+84155908702,+92361839752,+10646375602,+18541909514;
tel:+07696295985,+69225996719,+84636169123,+54098662382,+89894950104,+10061054596;
sms:+73285561124,+96739972037,+10434274386;
fax:+73829955539,+93390892752,+47077826530,+87969624189;
tel:+30392453084,+52857674055,+97963641742;
tel:+81253731156,+07240183250,+03046079363,+72711302835;
sms:+72046920928,+03351595932,+60995820508,+24682402919,+52133352355;
tel:+08490624412,+35877884581,+11063863640,+98215462032,+62515313069;
tel:+56290331126,+92080982805,+49594372731;
sms:+53253652720,+25976484323;
sms:+20867174658,+94087910849,+92242968060,+73883090627,+98719196184;
fax:+48485597091,+64766576521;
fax:+55719809920,+99764736506,+92406479293,+07005668767,+02326910002;
tel:+55272494944,+31134522213,+70121305852,+40019379151,+95106938445,+96028127925;
tel:+92529769214,+95347506253,+48370659412,+50745291382;
sms:+97176223127,+36641977421,+54343190022,+21294823793,+70749534626;
fax:+37780641499,+57561606869,+64702457487,+28612636286;
fax:+13427256753,+21373399892,+78822926914,+52749519800,+81597262146,+10365654197;
sms:+62888338004,+97110751478,+21837962037,+03161875608,+81046111541,+66600969826;
tel:+24579618591,+38781871049,+65820894888,+39498007353;
tel:+59905788836,+91839545315,+18824092364;
tel:+88805967006,+72072446739;
sms:+45393307869,+49962146454,+66462589843,+21589108608,+23372612500,+09299512664;
fax:+26891346011,+46372094333;
fax:+46531240273,+01066506185,+87035642471,+40846125499,+11931120146;
sms:+69169341500,+63599935085,+31405948574,+69575291388,+90481415541;
fax:+63271988036,+59469435022;
sms:+98209976525,+42998141395,+50020380632,+81887906659;
fax:+22450301434,+50256060404,+28526699625,+40991475978,+95925545591;
sms:+38030413748,+60056461049,+37353085913,+83845311797,+09600692587,+70165171526;
fax:+74949589742,+02560294445,+40946700234,+60192034359,+18809337616,+66408669208;
tel:+64079190183,+52941818666,+77724662393,+36368751153;
fax:+24256221379,+62863883629,+99682505586,+51320966316,+40568853351,+21013864327;
tel:+98033003750,+97363749098,+38917383788,+66607407057;
fax:+39011662858,+08090027590,+18358914747,+23826305843,+34683555170;
fax:+70485508436,+67715922370;
sms:+02148546234,+59704193118;
fax:+16279553682,+89938815626,+71468636600;
tel:+69717268014,+01364870894,+14127598013;
fax:+41204406825,+05320759953;
fax:+54873505020,+66208717667,+81679544262,+40982219871,+68559819645,+88852017255;
tel:+06825294247,+95137507531,+27162121957,+14731740779;
sms:+74916673860,+70192050556,+98411187015,+53467269718;
fax:+67652716544,+50129704469,+09369508903,+41691999718;
fax:+64274106223,+87086380002,+98164060862,+33790811068,+05895726154;
tel:+58454888585,+49802742395;
tel:+90932262745,+89966159504,+73922866243,+16869501696;
tel:+30358851746,+56247128628,+54507743074,+30356584327,+96469120389;
tel:+44406798253,+36817128660,+99209108999;
tel:+49179255261,+87544256846,+52794199094,+18282398115,+28054804776,+73802145584;
sms:+49160579592,+28026479954,+53188543277,+17810616999;
sms:+68527397147,+18089956015,+26865980973,+43308988534;
fax:+38765999541,+51933054155,+35783776932,+39540062486;
sms:+36731950551,+93235285996,+88756523676,+43259134839,+19964124565,+76578528379;
sms:+69802005031,+08391457150,+88458004611;
fax:+45097098029,+62868635630,+07746355517;
fax:+10292629347,+53580079991,+58829966667,+77590601817,+69673355639;
tel:+01239106832,+35183084500,+66121645111;
fax:+62811621517,+85147180555,+74044012139;
sms:+78241403079,+00978498753,+54845683839,+19285689751,+91777355133;
sms:+72630584808,+48256371416;
tel:+12749088638,+67911859308,+76228715595,+05693847359,+01695740274,+80396127715;
fax:+43238144059,+19767234718;
tel:+60906103734,+05251042059,+65202442073,+91951574434,+91796310241;
tel:+34375364287,+64510035850,+34132607147,+27026452656,+43811947051,+99775453546;
tel:+25734580907,+61357367665,+39870087599;
tel:+17250759801,+34524653062;
tel:+35795644301,+44501570141,+91186015956,+02866553832;
fax:+54249285528,+98078433931,+66874782597,+66932327171,+49951901994;
tel:+39237764147,+31218142078,+26834121469,+32608497238,+66599982309;
fax:+86522961710,+36098076226,+59218842428;
fax:+66085349922,+27224538034,+21392589638,+55631499058,+49272712953;
tel:+82607580536,+64891728619,+93333202944,+31584542548;
sms:+23780243093,+83734655458;
tel:+93373054033,+83385494113,+76471511870,+63695787677,+68893429384,+78030630449;
fax:+03313317873,+03339976286;
sms:+26470835659,+63172229807,+93655085715,+41724626643,+89528471097;
fax:+99493922166,+03143286475,+97287059930,+39325543534,+04238471995,+48895926413;
fax:+23582205912,+18341714414;
tel:+09201781735,+78476260113,+47661741450,+16056286604,+06487435534,+36442735409;
sms:+68838915234,+62643447553,+87624562179,+05232807068,+12472634105,+99132788591;
sms:+80759964956,+68541003032,+71081811094;
fax:+93650034527,+36267389522,+65330658062,+39482299462;
tel:+98046881383,+15039743026,+29616795968;
sms:+44111520696,+21940354526,+32461840118;
tel:+17377166840,+91874340801,+38953119947,+64109104801,+42741799480,+71204525990;
fax:+35952171474,+11538653547,+05290153733,+77163703587;
fax:+50811231469,+38914972827,+03637655476;
tel:+83820477523,+62936707292;
tel:+16913858650,+55130993629,+36324769865,+37798277386;
fax:+59887641528,+28801188888;
fax:+98395939151,+01617242847,+52546776459,+94065991619;
sms:+01821122230,+17632679107;
tel:+66736137956,+12460836643,+25648279144;
sms:+43929092545,+38517366334,+56712399804,+91715761740,+95219006538;
fax:+01284766626,+78086220805,+23747774407,+97002955113,+30683132492;
fax:+91109817894,+22893897736,+22250336203;
tel:+99557778330,+17203231300,+60185558086,+18049948330,+47388191442;
tel:+75031024291,+52793293208,+11849481438,+51060708672,+43435477172;
tel:+88812111792,+16469168675,+72834515946,+58507951849;
tel:+26780645574,+23304026534,+47924113173,+83528331619,+79988043901,+08616772947;
tel:+37065791576,+18706867492,+39289046820,+07474548559,+78267989965;
tel:+32282982173,+97959414686,+29395768381,+98523324223,+46693058602,+86595903433;
sms:+63344723472,+57683625576,+13149156184;
sms:+27529670303,+30123252310;
fax:+90935081175,+72230532122,+48823396876,+25297910545,+51244985892,+99431867109;
fax:+32535628919,+13699617946;
sms:+86584453731,+73595014459;
sms:+00433573740,+90745694679,+13649170275;
sms:+08526804251,+79795733601;
fax:+82408824506,+09238032892,+06105848436,+43759416153,+31277996281;
fax:+61267633508,+21743346673,+42346227707,+16821912769,+25472931014,+54159340964;
tel:+87947443893,+40957427626,+03978649758,+40125108057,+09536847441,+05539025225;
sms:+16305825342,+85636472164,+05468345194;
sms:+46226664372,+23874400802,+02486049780,+41140035551;
fax:+63917148864,+21737412984;
fax:+08633802022,+46208707348;
sms:+52803952862,+72074223640,+78644064621;
sms:+88947937877,+29198311014,+38669328490,+25419184197,+40817094924;
sms:+07268266597,+06348857805,+57537035109,+82632653656;
sms:+95363568224,+39496619560,+56964549853;
fax:+21533806757,+59785761229,+69948818967,+46196625237;
fax:+02178463264,+16363069254,+44927743057,+76038952741;
sms:+54307733912,+18178249016,+04765348842,+98218537263;
fax:+75384546431,+95680736245,+54069460492,+52452071095;
tel:+80856364805,+26008677645,+52414581332,+62256953958;
fax:+30522165933,+91177276627,+60788920025;
fax:+34497000892,+66221100850,+79118190386;
tel:+22184241192,+56335145168,+96301381871,+31746878199,+94034562940,+67108132822;
tel:+10821718124,+20109236383,+60960499762,+06489630338;
sms:+69520914880,+88235720439;
fax:+04920732011,+38031437455,+81642475462,+64530926564;
fax:+65832748417,+81194359822,+66507851892,+72310271757;
tel:+57227901142,+39780221169,+00424703910,+29977086716,+44675700636,+45732771689;
tel:+25902715996,+81787846588,+00917019984,+45879358646;
tel:+25514710123,+59845491385,+85835547792,+73569128715,+67764225285;
tel:+25717951150,+88355115491;
sms:+92037305838,+52483767176,+28769862233,+86301427165,+66843110334,+27261994471;
fax:+05456251199,+39531756467,+98170154606,+03096592497;
sms:+61613083278,+67151813758,+93983345083;
tel:+89503107964,+31749776645;
fax:+05865540127,+54965933887,+22291805777,+86230431653;
tel:+62798594511,+06714274306,+33871032667;
fax:+80492183802,+83854402930;
sms:+69255897634,+37190853720;
fax:+24925454710,+46414024557;
sms:+89197755564,+85104448976,+18016574500,+85034314429,+39678242392;
sms:+10512276998,+80942450707,+18319645242,+42824894116,+69055844211,+89291319926;
tel:+16538847728,+64327854164,+36970294100,+52812415782;
sms:+71627776871,+21257984472,+57479685421,+60162588756;
sms:+64976825374,+90840504665,+85923245300;
fax:+40744966265,+83999410575,+53661163985,+88762751209,+37516127667,+89888851857;
tel:+48143597044,+65299612960,+03014180033;
tel:+99798229139,+76671186594,+36965456650;
sms:+41038439397,+60388437447,+09176425241,+15467463255;
tel:+66032661940,+36950124479;
fax:+43756132869,+14554363000,+76049255540;
sms:+50793594019,+60913562694,+34638743022,+47808945844,+38932833699,+22152754024;
sms:+34390487697,+37687809145,+75589301071,+51245491851;
tel:+81981687478,+05701404289;
fax:+87980153711,+57445828422;
tel:+83471935108,+69511683557;
fax:+89480867475,+50256427284,+84324616339;
fax:+31905367289,+29395365867,+66747985683,+19449591139,+95049136178,+53953113025;
fax:+59818915666,+48681335822,+63944474380,+68272891379;
sms:+98026987593,+85524170035,+34437985561;
tel:+37482490730,+36592809166;
sms:+69108910284,+48662391151,+25224213132,+01745332699,+66227794460,+41236122162;
tel:+48746864032,+56935699218,+53739538857,+68393137884,+31532269844,+22574300471;
sms:+50378026148,+39844770634,+89943527610,+96130315943,+34620249875,+03276095552;
tel:+35029485242,+62625572234;
tel:+81058438796,+57617880162;
tel:+22644136666,+16637506981,+93460494395,+64470945121;
fax:+24479095142,+36390962004,+82580396936,+88319380990,+84530280050,+36271771061;
tel:+23234107730,+60416778997,+68769067095,+77341423637;
fax:+43230584571,+42878702459,+60683704150,+23922689797;
tel:+47936659485,+81429077105,+20020103374,+69997415934;
sms:+23202838083,+52232928126;
tel:+86599687368,+25643413278,+34915693712,+68119886265,+45561875347;
tel:+61178780928,+17708153493,+61741476890;
sms:+05260618476,+41619746950,+04336654633,+12210136454;
fax:+09930026972,+15887598833;
sms:+15322044800,+39560945975,+40771557643,+97649134815,+35867851141;
tel:+90643693571,+80339493575,+17767874335,+06938407871,+22529635476;
sms:+96139247626,+67480857930;
fax:+30625105553,+02889026377;
tel:+79951217417,+39215641601,+88147934745,+17373489002,+74681219648;
tel:+28044405860,+40704974001,+83693408082,+56466900956;
fax:+95079330358,+86962083020,+17330947615,+82880712609;
tel:+18652020723,+50765261099,+67755902444,+56505045649,+66298118886,+18329123749;
fax:+18579165872,+35115081776,+91943898865;
tel:+21259432684,+04805486854;
fax:+92868646021,+04459703756,+45873926328,+80586108842;
sms:+31822134785,+26429869539;
fax:+08767474700,+68839589864;
tel:+46400113931,+48407627399;
fax:+77706995477,+93737129071;
sms:+65690985119,+02064691618,+03708226593;
sms:+91142171416,+52986689005;
fax:+20975186288,+13752143368;
tel:+84469440861,+43404383777,+84074844997;
tel:+56495156878,+55609596561,+35132294158,+60595154087,+75491845617,+25166077906;
fax:+41932061777,+41155392488,+63373258891,+21362385273,+38237017930,+42936379841;
sms:+05424631273,+83131320048;
fax:+92192087621,+60400639737,+34709021359;
tel:+78133050955,+93227197116,+30103758174;
sms:+23307633452,+72072569467,+77718486712;
tel:+07123046535,+17937057681,+53631695960,+81902746419,+40238114379;
fax:+80357362495,+48157096273,+19791239927;
fax:+20048455481,+08961553935,+41452283012;
sms:+06097125861,+04712263590,+86225372220,+65632844681,+59821448716;
fax:+54931927299,+41687658467;
tel:+95029517012,+09593694445,+46030154182,+85319850687,+57895474134,+25739122644;
tel:+77330547931,+27827795562,+26415386177,+22582426770,+89550963376,+78172148888;
tel:+98974898213,+54669654437;
tel:+78982504874,+38871009012,+88386844780,+22407001317;
tel:+39127679574,+41704936714,+81288232617,+16981647182;
tel:+60605237224,+96244919678,+02612830544;
sms:+80557830069,+33440225650,+71796350394,+11921724648,+02796668793,+54431551168;
fax:+65532701599,+15901510678;
sms:+65412600600,+96309765764,+09525162705,+42617025687;
tel:+42733750445,+16937894680,+46929451328;
sms:+74436564005,+26450836478,+45394785189,+89588176852;
sms:+56946897470,+14659784747,+06913971706;
sms:+32569950515,+49582702583,+19970209660;
tel:+97213727811,+14762161643,+82881537858,+60942060249,+41392180527;
sms:+08745349481,+45480284759;
fax:+72378902095,+75939411031;
sms:+50228654199,+67566428722,+84346273836,+73493840861,+37576399877,+09363483859;
tel:+43993855795,+89763193035,+11877145225;
sms:+53730509249,+41920556707,+60421900134,+02425030490;
fax:+89860664607,+69551987951,+97231413911,+98340608391,+73188331397;
tel:+75741828039,+24972360581,+99831633096,+57084439323,+57076331532;
fax:+02819076098,+18813587382,+83887810391;
fax:+88189008462,+83199523065,+99029104992,+58931660671;
fax:+14122597457,+59993267319,+04527081988,+17154191763;
tel:+12063107362,+97502056078,+75321667284;
fax:+15714971723,+66089733092,+39482009871,+37055000577,+63377003383;
tel:+86644772502,+18752703609,+46884313832,+61811938589,+52301316916;
sms:+59283368738,+31121975532,+13460389652,+15455491451,+03664102678,+01074698922;
sms:+04086927167,+48953001555,+83094603781,+99955155491,+02455969402;
tel:+65779687675,+03814862811;
fax:+04208132274,+10334572167,+37839127375,+91734082760,+73944365375,+06588150430;
tel:+60931798737,+44143645634,+72546995261,+90607665635,+12179862681;
tel:+82734469565,+88934534085;
tel:+56130114068,+97597063770,+34687250486,+87836432531,+20190420275,+80998568871;
fax:+24313261096,+47529066882,+79359934188,+99546699085,+82546218181,+09172282976;
fax:+32474354243,+06160092435,+72838494769,+24601221805,+67444643827,+27220536834;
sms:+03021190044,+10544870567,+36172867001;
sms:+86185898285,+56085338440,+98860578808;
sms:+97167292702,+87200544708,+24498036375,+25220031549,+28493431491,+55825957530;
tel:+80914904194,+93164283041,+14613771762,+53827371537;
sms:+84472819499,+39450912974,+48354461026,+83414310379,+80718538032,+71543749233;
fax:+33517548039,+53437043532,+38476647688;
tel:+08294486921,+60671221133,+70937528254,+53745557967,+40771692272;
sms:+43454665529,+24175055510,+45131101140,+94343238224,+79274442910,+59095000608;
tel:+15099165095,+25811721825,+06289780753,+21341644051,+03278768704;
sms:+85766137111,+50757322602,+00488077420,+55348976788,+38073206713;
fax:+30386974467,+94065623227,+59976583071;
fax:+46310044155,+59468471560,+07860013080,+77699108709;
sms:+10443636975,+38229380204,+18934771425;
sms:+08586952844,+90939647020,+84678378911,+30334287375,+47980753604;
sms:+64429819917,+57651046443,+39482870408,+46682586515;
tel:+33304856256,+27744824463,+24858615530,+49767542299,+71453253821,+04498496455;
fax:+71630459494,+40746838591;
sms:+34565551179,+90447172410,+90288106830,+91357952053,+44494823924,+10552071951;
fax:+97479810806,+07137250086,+76448334797,+80998698617;
tel:+00305358146,+39010669710;
tel:+42583407909,+47798835390,+68524172807,+01674274292,+84928449025,+11369606197;
tel:+87237819105,+89345660058,+40891832628,+98677361375,+41353509692;
tel:+83553223327,+15274518685,+85653335106,+21041144486,+39936203504,+23036411492;
sms:+98773366331,+56053969377,+75012556857,+00273939338;
tel:+18243673517,+14504424922,+31188034857,+92347932381,+03424206481,+14360232667;
tel:+72491046041,+37165878845,+85460638797;
fax:+11202819656,+02021345882,+29133539977,+78787046090;
sms:+98829209811,+72255127126;
tel:+58805060831,+64466925590;
sms:+65297630613,+09506050076,+52017592569,+25649642474,+52102730254,+27154640675;
sms:+88586922855,+61136986231,+39841619917,+72149121767;
tel:+46099529291,+90847991584,+90630312279,+41069441807,+19145689882,+70429949218;
fax:+54101420164,+34521571141,+78772954872,+07644139796;
sms:+38975371921,+29618060282,+38132276681,+77872072940,+32017323971,+74466672813;
fax:+25197142086,+56551156455,+68174096603,+49797715719,+18154967614;
tel:+47735096195,+35696302138,+95982104133,+22776000570;
sms:+09110091335,+17920518988;
fax:+17920590818,+97226219348,+02134426099,+34779876692,+54515335513,+36184819480;
sms:+29246197786,+96518359447,+68023925356,+29223038586,+64679078657,+79082027959;
tel:+12556303233,+15549246512;
sms:+75993973202,+94014175832,+52728171704;
sms:+55908686710,+15917753461;
tel:+91226662948,+95393445701,+47363451051,+28203007666,+48170462994;
fax:+83118989410,+37879131036,+29722154308,+05299760978;
fax:+33251064640,+03305637280;
tel:+35462436266,+04273443527,+84530468568,+03906299203;
sms:+27872518144,+31525103723;
fax:+35282927996,+43832944811,+15044584833,+82735476652,+38481027050;
tel:+88193114254,+63808975686,+88366312533,+97576144918,+36547212389;
sms:+28687565341,+50232846038,+06618309715,+68900271337;
tel:+15443517006,+81027400324;
sms:+59802441647,+52693227107,+77479110211,+73307181625,+58982089772,+85978824236;
tel:+79214063638,+74468573716,+18527204802,+29251065308;
tel:+48443227512,+29551281486,+07396763635,+88547110755,+17494250917;
fax:+86726943184,+22383102104,+74550952686;
tel:+77852127614,+48673222090,+22504668595;
tel:+74792373413,+53839634385,+61247689178;
sms:+61407992800,+16761224776,+22249911028,+53239938488;
fax:+84440813098,+09494363519,+42617946424,+16952227936,+00432598786;
sms:+54017164957,+72436958349,+62542387197,+52101109583,+62711664982;
sms:+27087315972,+83408122627;
sms:+69025595199,+05139057121,+21824645693,+88676312319;
tel:+24613969100,+29796682535,+97035586751,+58572322668;
tel:+74656762942,+46532661288,+23992807660,+91009832550,+76627501940;
fax:+22007706715,+41178853938;
fax:+10012712820,+27648978480,+68243972940,+52684990935,+85863606047,+32442939075;
fax:+73428868273,+96727503068,+00887792453,+28083486799;
sms:+52105065444,+66071798494,+80805788263;
fax:+18140002448,+00061970851,+00832060678,+52123099285;
tel:+64422398314,+45505431809,+70644039052,+90072808039;
sms:+72932329796,+82065731151,+33107193692,+30402914541,+77807612386,+11310179911;
fax:+25101940965,+15761752955,+72125155819,+37269271406;
fax:+36199923045,+28077437913,+80405032516,+01446325344;
tel:+56803613350,+16226585577,+36571295378;
tel:+35463563861,+21413194431,+34886319712,+32668487354,+81186219797,+30972705351;
sms:+67468566942,+79797941619,+55898164318;
tel:+52288799809,+03110927846,+81392964232,+96739527825;
tel:+29885076061,+48498374299,+23202333126,+92424024125;
tel:+71282046604,+24214524373,+75514570653,+59135861894;
tel:+53964791888,+49899301800,+82013560918,+36537081419,+10988035715,+52891252964;
sms:+51618634193,+71514696128,+08927694343,+53776619640,+03054158859,+90686854121;
tel:+86048332570,+15083980399,+13378072736;
fax:+66846374486,+28730882878,+69752393673;
tel:+24791041698,+12561548190,+00805679404,+62835914067,+99636032021;
fax:+25854805340,+52819849935,+38326603776,+45235412116,+76663783794;
sms:+16583259549,+80612862942;
sms:+62213141387,+29583774351,+26794049945;
fax:+65113549282,+90216321551;
tel:+48857649677,+06545556917,+31042340074,+50409370599;
fax:+20566819022,+34013584387,+16142732360,+76590050478;
sms:+40662669911,+90836933604,+52068214849,+56652223710,+16788973191,+87745804720;
sms:+81555868193,+03785150900,+01630958081,+45874078012,+15001471762;
tel:+57136882614,+52943495108,+78224822395;
tel:+86611619961,+30425676045,+99202571861,+91977288990,+35209198601;
tel:+90888133473,+30596002938,+74551873022;
fax:+26719795597,+11546592397,+16233629949,+28124199591,+75031242629,+11581561227;
tel:+78808424044,+69406724951,+96438172196;
sms:+47295679020,+46459042513,+02252816124,+02554763484,+07092122044,+70873578753;
sms:+43621350039,+16358187232,+74390635337,+12810266690;
sms:+65238507781,+99676607216;
tel:+48727588932,+54281833180;
fax:+05602463007,+28742174376,+18603061123,+32112476078;
fax:+41962336775,+82863139278,+27170246880,+22937116842,+94851205048;
tel:+34019895467,+46724305030,+14796405210,+30445116240,+68817750227,+13903439059;
fax:+40377190464,+83118215792,+28552887279,+59942376301,+41369212967;
fax:+16697973976,+16317552157,+93952844137,+72855861016,+61243587870,+64999931579;
tel:+13864725355,+74932259672,+89271873299,+73253015444,+99692722101;
tel:+22675460966,+07635360050;
sms:+61732992833,+02746281810;
tel:+59231654719,+44604990554,+62333270910,+56243444435,+83800127446;
sms:+03105521573,+27098754558;
tel:+06512996291,+17472778940,+90673586964,+73007433619,+05442235483;
tel:+31154277872,+58594207343,+13760757878;
tel:+51552997901,+66161408866,+02752062305;
tel:+47070668291,+53248065066;
sms:+82512443575,+05665301095,+68658367262;
fax:+74896376989,+14040523716,+97516591834,+95524176686;
sms:+13202040943,+19243934477;
fax:+86963588516,+79403447030,+08406341285,+37815073490;
tel:+77687149305,+91270523847;
tel:+33491714585,+68975806666;
fax:+63243366966,+95525431328,+37346959243,+21661742938;
tel:+39229878934,+69456529779,+05444532014,+54399213099,+55932480406,+09519326426;
tel:+28736395643,+66935869935,+66738294203,+48497266224;
sms:+30406913697,+09359312816,+20053912484,+56799482162,+20033554889;
fax:+45393029011,+75606533788;
fax:+68136864838,+37436005635,+53077559979,+20097052887,+57219012916;
fax:+06516574405,+92379608377;
tel:+81074829794,+15734696725,+59552453958,+66894391880,+18258822974,+92188006588;
fax:+11912803195,+40920488978;
sms:+24318838783,+64388861425,+61076960974,+57121311675;
sms:+95272172680,+53313478423,+12098278067,+39998860391,+45409284258,+29881966191;
tel:+63086903968,+75451107645,+39522371344;
fax:+87979718490,+37613081061,+06412590253,+95420428228,+73519437029,+72587215917;
tel:+17903439894,+26396920485,+79881275367,+79231511415;
tel:+88765380590,+64734504940,+98017135994,+88481436989;
fax:+83372135705,+59306227408,+87758270793;
fax:+41880592694,+49116555394,+63723916477;
sms:+41268315986,+63036179185,+69738602900,+92910412948,+70808379498,+73140708909;
tel:+15635169895,+50381683359,+17670987320,+87038802852,+84491357390;
tel:+98670402445,+07897180108,+94406659345,+18624840578;
tel:+88442901899,+24095612356,+53703020127,+38971600015;
tel:+91633521178,+88748432181,+77971850881;
sms:+24515150030,+77789025321,+59842026718,+49905556675;
tel:+54040282613,+01906503171,+81267845297;
sms:+44863017451,+63658325186,+08651783996,+79595061197,+07553117513,+57643143252;
tel:+35900739824,+40850313013,+74731746724,+85114237552;
fax:+33877319750,+13337791028,+66685973239,+43170873234,+21949541199,+10771015182;
tel:+74932962605,+97205731757,+37439096933,+45408900244;
tel:+51457190058,+11602035235,+73774177725,+78018311146;
sms:+42414289193,+64049484629,+04960537154,+06905974789;
tel:+37437381517,+50677813691;
sms:+29874496152,+73745706562,+15751577660;
fax:+94300440588,+19657797914,+85780650555,+14218308235,+83077850760,+67130594152;
tel:+57334403019,+97631557187;
sms:+49667972190,+51562312007,+97865556397,+42129137217,+34533687253;
fax:+73330609622,+96768039599,+57147253286,+84216431338,+75686694912;
fax:+49562173844,+56737308273,+73152868412,+84190429746,+52112424967;
sms:+31975605692,+18483005419,+86410030346;
fax:+94409643479,+69183312891;
tel:+99720424248,+94270972066,+73726716420,+73727539929,+47782960894,+47329033830;
tel:+22529072857,+60961038910,+75126822753;
sms:+29909023729,+91851209823,+13581469009,+96592999551,+23274184717;
fax:+20564202931,+40326258712,+02199863769,+07632556222;
tel:+40767699487,+71360511944,+39193483145;
fax:+32741786291,+83026638236,+65745623082,+95247040602;
fax:+58122614477,+05334072200;
sms:+23255748862,+58536325070,+46619329771,+11554104235;
fax:+38554176218,+33069141220;
sms:+28801686967,+41151240416,+45880610109;
fax:+63019867837,+74467762963,+26812502626,+60801315602,+11606779482,+78041480562;
fax:+89801718136,+56275069390,+17955293580,+30109023547,+43283780258,+72324144039;
tel:+50800506028,+53840446251;
fax:+58885536581,+97471217801,+95080747546,+46563018746;
sms:+28616547870,+94013285636,+86133503045,+18650744516,+86867310684;
fax:+75740056911,+99717643232,+15325997174,+02297713728,+77010176771,+42802447977;
sms:+86010145259,+83578098619,+22817278432;
fax:+21857120960,+32233571618;
tel:+43221345361,+33094798040,+98705111463,+70037847450,+06881378988;
sms:+26043380360,+16481124872;
sms:+50420855204,+23391215436,+59555989549,+57566056682;
sms:+84892562345,+00371572581,+15440977528,+68560185606,+00700341859,+75736445950;
tel:+78392949892,+13885779618,+93831081978,+49464281844,+84203323524,+17408178709;
fax:+24294651460,+36577747431,+49548010664,+12367781706,+11325532865,+87251745234;
sms:+00203208256,+43778837006,+35344500330,+10087991691;
fax:+03488576896,+79789350277,+61313475092,+83480465757;
sms:+78913623076,+85718496762;
tel:+65936213210,+14913709408,+84137742298,+83236231503;
tel:+65842989263,+82816514928;
tel:+97017564475,+59019699525,+52846911842,+66514813594,+12105317365;
tel:+52375375652,+64652948982,+62968679303;
fax:+88699315621,+07930506253,+34930811720,+53482557394,+74091956663;
fax:+53555780382,+03267472424,+17786322810,+52841190927,+28775131945;
fax:+58425028026,+68931571589,+16981764495,+73978574744;
tel:+16594965789,+55961273194,+54001216721;
tel:+94068243856,+10978272747,+58522442423;
tel:+88062508009,+89307822308;
sms:+54963926720,+38773625993,+30520743821;
tel:+23449111045,+96408243574,+28007153315;
fax:+12985827422,+36432792217,+78360109541,+73814172464,+96786607235;
fax:+73998658602,+85350174669,+75381955054,+93755070352;
tel:+25353434072,+77535812024,+04247879087;
fax:+88899813351,+28198954574,+48096817461;
fax:+82571063690,+46342412015,+06638663617,+81088598660,+45368959207,+31329730328;
tel:+46191881984,+93887716057,+81867145820,+46211103505,+30493878758,+42057155757;
fax:+56847164403,+90958154969,+00042017256,+84724967736,+09742647243,+15868067990;
fax:+23840095899,+08143001112,+55090420599;
fax:+06292820488,+31270319337,+05347915940,+41643262094,+77397913453;
sms:+44534092063,+34726752559,+32821038839,+81260748376;
tel:+92656595911,+17246955632;
fax:+89076281968,+37767188653,+70516738532;
fax:+35282780485,+16596838443,+96320325338,+41980418585,+79565021734;
sms:+83973904680,+04640088496;
sms:+99516994251,+54378530111,+21812149737,+00175418437;
tel:+05688562631,+64229414152,+36503097198,+57003079928,+08330130211;
tel:+37058855704,+81726526626;
tel:+73511449788,+01172494885,+84579170127,+32696780742,+58460001410;
tel:+18754443334,+15636891756,+14192483875,+20564982048;
sms:+26841627386,+79574110438,+11422762079,+13955353364;
fax:+60540321758,+56182060536;
tel:+95542175585,+97140893201;
sms:+74713400891,+93198783862,+51504578975,+69047209796,+01780320727,+60052896945;
fax:+80543383707,+84698251790,+20533856627,+81852455101,+07910321602;
sms:+20553000743,+78728515079,+22677307163,+78376389922,+15005478909,+40121595437;
sms:+62945999399,+25607933724,+59378013844,+63479114608,+86255167812;
fax:+76819967682,+36815171387,+16825290476;
sms:+65104332422,+10702356116,+94493532160,+68808156168,+59002305002;
tel:+02958836837,+67498381126,+10440756995;
tel:+62848564980,+28581534283,+22744545659;
fax:+37024511556,+48155738677,+12409668342,+38219614591;
fax:+36709518446,+72027447019;
tel:+21956164661,+77180871219,+76717399941,+01951748231,+91636304678,+41977536820;
fax:+97318347548,+65068515865,+80131949546,+20649314970,+45209639079;
fax:+80326296061,+18626814843,+14650089941,+86044133683,+67392517650,+10144422019;
tel:+10111262721,+59342986571,+25473353739,+05554689902,+10706262082,+28543012448;
sms:+58830613052,+78886094046,+20730413839,+25297856356,+35094802062,+60011465118;
fax:+72208635153,+29056267286,+37917728827,+92315066642,+42776324342,+01097654265;
fax:+26198904917,+65920009799,+23173944248,+46482630539,+90891090877,+99675131831;
sms:+36293590723,+17097628469;
fax:+54422876096,+33834756706,+04072266038,+03123942463,+29571590784,+23270444421;
sms:+57388931118,+81111467413,+44151416594;
tel:+09991021030,+57710976474,+17418473811;
sms:+54387426377,+06729249609;
fax:+54059877949,+92541986735,+56709210783,+80211164334;
tel:+67755023371,+33488255588,+72002417764;
tel:+50130644536,+28796212812,+57171837536,+96800995977;
fax:+95430236402,+53056559733,+33598167067,+33565185796;
sms:+83152110845,+94881670761,+99856163021,+08425231403,+94200124878,+97319915853;
fax:+28378489211,+17958405780,+71051658493,+92598473660;
tel:+10442548570,+11105785265,+69216258217,+96229690730,+00759171304;
fax:+36570416560,+07392502804,+92395522049;
fax:+88963700584,+82183825459,+16232058674,+69224156200,+95127941639,+27625014063;
